% # columns="iteration, evaluation, min max(neg(.)) min(pos(.)) max correlation, correlation matrix principal axes lengths  (sorted square roots of eigenvalues of correlation matrix)", seed=345429, Mon Jun 30 02:09:12 2025
1 10 -0.09580440028216196 0.00014585857949392375 0.037386406867556066 0.14518358526206773 0.8910859342806889 0.9417839505004454 0.9768925082170659 0.988470135796369 0.9989939698735643 1.01222566936825 1.02542066546306 1.1460974511814048
2 20 -0.15859098603629013 -0.041434361770575065 0.048634405963347546 0.12157736730994459 0.8910859342806889 0.9417839505004454 0.9768925082170659 0.988470135796369 0.9989939698735643 1.01222566936825 1.02542066546306 1.1460974511814048
3 30 -0.15130016557935638 -0.023949661853521292 0.04188779445810073 0.10797987070716572 0.8910859342806889 0.9417839505004454 0.9768925082170659 0.988470135796369 0.9989939698735643 1.01222566936825 1.02542066546306 1.1460974511814048
4 40 -0.16305900161647663 -0.016300383054247025 0.05452666389680986 0.11430100269930916 0.8910859342806889 0.9417839505004454 0.9768925082170659 0.988470135796369 0.9989939698735643 1.01222566936825 1.02542066546306 1.1460974511814048
5 50 -0.21470979023885478 -0.04225433353952321 0.048015543604894136 0.1441586831324606 0.8910859342806889 0.9417839505004454 0.9768925082170659 0.988470135796369 0.9989939698735643 1.01222566936825 1.02542066546306 1.1460974511814048
6 60 -0.24647869947635373 -0.053850509322722916 0.06046497404985575 0.20013094643450127 0.8910859342806889 0.9417839505004454 0.9768925082170659 0.988470135796369 0.9989939698735643 1.01222566936825 1.02542066546306 1.1460974511814048
7 70 -0.2344644363484868 -0.05147493078361098 0.07105680938889583 0.2585222057744623 0.8910859342806889 0.9417839505004454 0.9768925082170659 0.988470135796369 0.9989939698735643 1.01222566936825 1.02542066546306 1.1460974511814048
8 80 -0.24280790434375954 -0.05691921318472314 0.07436871576783477 0.2664758766520866 0.8910859342806889 0.9417839505004454 0.9768925082170659 0.988470135796369 0.9989939698735643 1.01222566936825 1.02542066546306 1.1460974511814048
9 90 -0.32008404397097845 -0.05586399131394814 0.09836860493507041 0.24698660571346828 0.7495034935704943 0.8550487208575795 0.8798576936151145 0.9714862635801539 0.9835533269147055 1.0388396636859862 1.1212232936929138 1.2982659237209528
10 100 -0.2671270442374066 -0.06617239948204091 0.1173358310955008 0.24344700870341832 0.7495034935704943 0.8550487208575795 0.8798576936151145 0.9714862635801539 0.9835533269147055 1.0388396636859862 1.1212232936929138 1.2982659237209528
11 110 -0.2629843725510943 -0.04554382769603245 0.10933448743549405 0.2414134229862972 0.7495034935704943 0.8550487208575795 0.8798576936151145 0.9714862635801539 0.9835533269147055 1.0388396636859862 1.1212232936929138 1.2982659237209528
12 120 -0.23818917175406037 -0.04670373798821663 0.11733412738023408 0.23276923172122344 0.7495034935704943 0.8550487208575795 0.8798576936151145 0.9714862635801539 0.9835533269147055 1.0388396636859862 1.1212232936929138 1.2982659237209528
13 130 -0.21416146946734085 -0.0596921389546944 0.12390562345254696 0.2631533378712521 0.7495034935704943 0.8550487208575795 0.8798576936151145 0.9714862635801539 0.9835533269147055 1.0388396636859862 1.1212232936929138 1.2982659237209528
14 140 -0.2756125383282978 -0.037489789994196346 0.15464154256379378 0.30286060487636846 0.7495034935704943 0.8550487208575795 0.8798576936151145 0.9714862635801539 0.9835533269147055 1.0388396636859862 1.1212232936929138 1.2982659237209528
15 150 -0.2522127909816346 -0.05562508059683008 0.15044522218952147 0.31203754437365194 0.7495034935704943 0.8550487208575795 0.8798576936151145 0.9714862635801539 0.9835533269147055 1.0388396636859862 1.1212232936929138 1.2982659237209528
16 160 -0.2509923242329838 -0.0349320748854567 0.18646312785396246 0.30500525159751735 0.7495034935704943 0.8550487208575795 0.8798576936151145 0.9714862635801539 0.9835533269147055 1.0388396636859862 1.1212232936929138 1.2982659237209528
17 170 -0.24615302784600793 -0.05465982562880141 0.1584583955475956 0.377366849368741 0.7465830886523857 0.8058645948885528 0.8497299623906546 0.8852917497317012 0.9437839885002502 1.0276133224717707 1.1362388856348047 1.4316624227157737
18 180 -0.17302999414123324 -0.05228905803578285 0.142029779699945 0.3811074899607184 0.7465830886523857 0.8058645948885528 0.8497299623906546 0.8852917497317012 0.9437839885002502 1.0276133224717707 1.1362388856348047 1.4316624227157737
19 190 -0.24655044214864177 -0.04725342054661642 0.16436589916511674 0.34485563007268305 0.7465830886523857 0.8058645948885528 0.8497299623906546 0.8852917497317012 0.9437839885002502 1.0276133224717707 1.1362388856348047 1.4316624227157737
20 200 -0.24863098192038335 -0.0669669352098236 0.19654179877516587 0.3893291095789213 0.7465830886523857 0.8058645948885528 0.8497299623906546 0.8852917497317012 0.9437839885002502 1.0276133224717707 1.1362388856348047 1.4316624227157737
21 210 -0.282160416634387 -0.07697690353526913 0.1924736572392326 0.4068230042970666 0.7465830886523857 0.8058645948885528 0.8497299623906546 0.8852917497317012 0.9437839885002502 1.0276133224717707 1.1362388856348047 1.4316624227157737
22 220 -0.27535888370778144 -0.09146707203316701 0.22220452546398206 0.43287501521915894 0.7465830886523857 0.8058645948885528 0.8497299623906546 0.8852917497317012 0.9437839885002502 1.0276133224717707 1.1362388856348047 1.4316624227157737
23 230 -0.3460956015794666 -0.09027742475089863 0.2632051788402847 0.4988030720852925 0.7465830886523857 0.8058645948885528 0.8497299623906546 0.8852917497317012 0.9437839885002502 1.0276133224717707 1.1362388856348047 1.4316624227157737
24 240 -0.35937917797742325 -0.1347665847612835 0.29622110101705457 0.5839309665196295 0.7465830886523857 0.8058645948885528 0.8497299623906546 0.8852917497317012 0.9437839885002502 1.0276133224717707 1.1362388856348047 1.4316624227157737
25 250 -0.40444613400028884 -0.14683081970549045 0.28593600121622176 0.5963985099005843 0.5775606875198025 0.6845889729398805 0.7993119725898538 0.8033514655742612 0.8946875476180176 1.0102266773271944 1.1342396856645391 1.6751014809892257
26 260 -0.4004002813758163 -0.183610942345712 0.2502648434014565 0.5818084935454986 0.5775606875198025 0.6845889729398805 0.7993119725898538 0.8033514655742612 0.8946875476180176 1.0102266773271944 1.1342396856645391 1.6751014809892257
27 270 -0.4126272551246283 -0.15894690258140992 0.2735066646118881 0.5878999631465459 0.5775606875198025 0.6845889729398805 0.7993119725898538 0.8033514655742612 0.8946875476180176 1.0102266773271944 1.1342396856645391 1.6751014809892257
28 280 -0.41887624440114507 -0.18131069846941475 0.2702231348218591 0.6288460823140396 0.5775606875198025 0.6845889729398805 0.7993119725898538 0.8033514655742612 0.8946875476180176 1.0102266773271944 1.1342396856645391 1.6751014809892257
29 290 -0.43828427029346434 -0.16131139182448678 0.27850759388260093 0.6229612820204069 0.5775606875198025 0.6845889729398805 0.7993119725898538 0.8033514655742612 0.8946875476180176 1.0102266773271944 1.1342396856645391 1.6751014809892257
30 300 -0.43216575876796604 -0.14790443209254844 0.25386251376614744 0.6335329848795216 0.5775606875198025 0.6845889729398805 0.7993119725898538 0.8033514655742612 0.8946875476180176 1.0102266773271944 1.1342396856645391 1.6751014809892257
31 310 -0.4535960723831563 -0.15952805709782536 0.27612506745806426 0.6315802955072994 0.5775606875198025 0.6845889729398805 0.7993119725898538 0.8033514655742612 0.8946875476180176 1.0102266773271944 1.1342396856645391 1.6751014809892257
32 320 -0.45235530605960406 -0.14230576128835865 0.28348264969200765 0.6103744549981386 0.5775606875198025 0.6845889729398805 0.7993119725898538 0.8033514655742612 0.8946875476180176 1.0102266773271944 1.1342396856645391 1.6751014809892257
33 330 -0.4855553917766872 -0.1722707321213658 0.3101082301730498 0.6582963939081398 0.48015974356211905 0.6651726490639566 0.7260267436082957 0.7869466360148583 0.9195066312557018 0.9952302603601788 1.19745489325153 1.70608270309449
34 340 -0.45943448463869146 -0.164822199942137 0.2900170912226998 0.64206528414671 0.48015974356211905 0.6651726490639566 0.7260267436082957 0.7869466360148583 0.9195066312557018 0.9952302603601788 1.19745489325153 1.70608270309449
35 350 -0.47524952282751365 -0.173045169454443 0.2898676190603482 0.7154039170782649 0.48015974356211905 0.6651726490639566 0.7260267436082957 0.7869466360148583 0.9195066312557018 0.9952302603601788 1.19745489325153 1.70608270309449
36 360 -0.4360181556177577 -0.1776813308456394 0.28475739567926295 0.6983151327208013 0.48015974356211905 0.6651726490639566 0.7260267436082957 0.7869466360148583 0.9195066312557018 0.9952302603601788 1.19745489325153 1.70608270309449
37 370 -0.4575492682275208 -0.18078655225350249 0.2789678698164738 0.6810923548179989 0.48015974356211905 0.6651726490639566 0.7260267436082957 0.7869466360148583 0.9195066312557018 0.9952302603601788 1.19745489325153 1.70608270309449
38 380 -0.4580490518638077 -0.21015579213648844 0.28370581151775454 0.6826036192318151 0.48015974356211905 0.6651726490639566 0.7260267436082957 0.7869466360148583 0.9195066312557018 0.9952302603601788 1.19745489325153 1.70608270309449
39 390 -0.5103140317798698 -0.19635957016447556 0.3118671568011589 0.7120344998626942 0.48015974356211905 0.6651726490639566 0.7260267436082957 0.7869466360148583 0.9195066312557018 0.9952302603601788 1.19745489325153 1.70608270309449
40 400 -0.5082122996209223 -0.17222324445462311 0.30778482754749836 0.6955121544126952 0.48015974356211905 0.6651726490639566 0.7260267436082957 0.7869466360148583 0.9195066312557018 0.9952302603601788 1.19745489325153 1.70608270309449
41 410 -0.4654299996158933 -0.138649642375751 0.27954630019935456 0.6855389231717711 0.42540392026191964 0.5753458191745798 0.637470794603618 0.8071885357071363 0.826287695160573 1.0675240009144018 1.2540890070924757 1.7421217699754141
42 420 -0.5125009923889646 -0.12599326921959095 0.29532742484375873 0.6938369584410521 0.42540392026191964 0.5753458191745798 0.637470794603618 0.8071885357071363 0.826287695160573 1.0675240009144018 1.2540890070924757 1.7421217699754141
43 430 -0.4907207377117517 -0.10721334636645105 0.2983641841140968 0.70498299035666 0.42540392026191964 0.5753458191745798 0.637470794603618 0.8071885357071363 0.826287695160573 1.0675240009144018 1.2540890070924757 1.7421217699754141
44 440 -0.319757448614524 -0.09533871930880121 0.32631184818959136 0.7029233774595106 0.42540392026191964 0.5753458191745798 0.637470794603618 0.8071885357071363 0.826287695160573 1.0675240009144018 1.2540890070924757 1.7421217699754141
45 450 -0.3021323160641221 -0.08801070074457619 0.34414134630547066 0.7199134983254674 0.42540392026191964 0.5753458191745798 0.637470794603618 0.8071885357071363 0.826287695160573 1.0675240009144018 1.2540890070924757 1.7421217699754141
46 460 -0.3540662420455619 -0.12556352897781986 0.30796892353902094 0.7297507686903065 0.42540392026191964 0.5753458191745798 0.637470794603618 0.8071885357071363 0.826287695160573 1.0675240009144018 1.2540890070924757 1.7421217699754141
47 470 -0.36315718889874493 -0.1302364532575914 0.313945497666246 0.7387921762634214 0.42540392026191964 0.5753458191745798 0.637470794603618 0.8071885357071363 0.826287695160573 1.0675240009144018 1.2540890070924757 1.7421217699754141
48 480 -0.3157851709412146 -0.06719348046068796 0.3119363176075089 0.7471385429162467 0.42540392026191964 0.5753458191745798 0.637470794603618 0.8071885357071363 0.826287695160573 1.0675240009144018 1.2540890070924757 1.7421217699754141
49 490 -0.3386603907228329 -0.05318041165800024 0.3099114512185087 0.7337707287197904 0.3878316073978603 0.5339967257442975 0.6161358669774821 0.7919741857011122 0.9116466726214736 1.0686652515346176 1.2573044871240935 1.7330977972759634
50 500 -0.3647557555010576 -0.06840981930146162 0.3192976304193098 0.7352379221360377 0.3878316073978603 0.5339967257442975 0.6161358669774821 0.7919741857011122 0.9116466726214736 1.0686652515346176 1.2573044871240935 1.7330977972759634
51 510 -0.3485759713937269 -0.04661737737717299 0.3336595958431279 0.7263924314645495 0.3878316073978603 0.5339967257442975 0.6161358669774821 0.7919741857011122 0.9116466726214736 1.0686652515346176 1.2573044871240935 1.7330977972759634
52 520 -0.3281078964445796 -0.030378488584337327 0.35431828454253356 0.72632318398787 0.3878316073978603 0.5339967257442975 0.6161358669774821 0.7919741857011122 0.9116466726214736 1.0686652515346176 1.2573044871240935 1.7330977972759634
53 530 -0.3453428903236271 -0.025718703919492557 0.3711732864816909 0.7130192947261559 0.3878316073978603 0.5339967257442975 0.6161358669774821 0.7919741857011122 0.9116466726214736 1.0686652515346176 1.2573044871240935 1.7330977972759634
54 540 -0.3958991689790543 -0.029940696343957147 0.40418922293718673 0.7176196929294717 0.3878316073978603 0.5339967257442975 0.6161358669774821 0.7919741857011122 0.9116466726214736 1.0686652515346176 1.2573044871240935 1.7330977972759634
55 550 -0.4150092622257634 -0.03576543586697857 0.40847322605455005 0.7179047609621625 0.3878316073978603 0.5339967257442975 0.6161358669774821 0.7919741857011122 0.9116466726214736 1.0686652515346176 1.2573044871240935 1.7330977972759634
56 560 -0.44008513456039317 -0.024733754503408843 0.42150633182920183 0.7453764595304792 0.3878316073978603 0.5339967257442975 0.6161358669774821 0.7919741857011122 0.9116466726214736 1.0686652515346176 1.2573044871240935 1.7330977972759634
57 570 -0.40921403481553137 -0.05508733209558751 0.3938068080589514 0.7231424006170303 0.4483481263040421 0.49157173709959817 0.6492072915807375 0.7764942387662983 0.8426601295456178 1.0392548849817882 1.2327241847719093 1.7953250538662275
58 580 -0.3598752559492834 -0.09018402115294544 0.39771392818343176 0.6964125875956722 0.4483481263040421 0.49157173709959817 0.6492072915807375 0.7764942387662983 0.8426601295456178 1.0392548849817882 1.2327241847719093 1.7953250538662275
59 590 -0.3913306491375674 -0.1254223577174893 0.3843866301431931 0.6825178927998721 0.4483481263040421 0.49157173709959817 0.6492072915807375 0.7764942387662983 0.8426601295456178 1.0392548849817882 1.2327241847719093 1.7953250538662275
60 600 -0.4119650612561241 -0.12273164153944068 0.3421708775672946 0.7261590117221918 0.4483481263040421 0.49157173709959817 0.6492072915807375 0.7764942387662983 0.8426601295456178 1.0392548849817882 1.2327241847719093 1.7953250538662275
61 610 -0.38053933391165173 -0.10185222952745751 0.3377852745517622 0.7356576533794729 0.4483481263040421 0.49157173709959817 0.6492072915807375 0.7764942387662983 0.8426601295456178 1.0392548849817882 1.2327241847719093 1.7953250538662275
62 620 -0.40586957034069016 -0.148854037171396 0.2592114219598033 0.7522466149290846 0.4483481263040421 0.49157173709959817 0.6492072915807375 0.7764942387662983 0.8426601295456178 1.0392548849817882 1.2327241847719093 1.7953250538662275
63 630 -0.39840601712693025 -0.12499522230268936 0.2761245814227654 0.7700038043704437 0.4483481263040421 0.49157173709959817 0.6492072915807375 0.7764942387662983 0.8426601295456178 1.0392548849817882 1.2327241847719093 1.7953250538662275
64 640 -0.3974078170983398 -0.11753022369419783 0.2839658357764505 0.8067752946170492 0.4483481263040421 0.49157173709959817 0.6492072915807375 0.7764942387662983 0.8426601295456178 1.0392548849817882 1.2327241847719093 1.7953250538662275
65 650 -0.3975058058387864 -0.11731997244536657 0.2817360537999951 0.7963276867507553 0.4006727669861064 0.5280195085568632 0.7310653873845666 0.7815871219717682 0.8270136630045146 1.0345606013903685 1.2262258001435697 1.776914390968829
66 660 -0.4066974120432244 -0.10448000598073151 0.30446260172518136 0.7923557950527277 0.4006727669861064 0.5280195085568632 0.7310653873845666 0.7815871219717682 0.8270136630045146 1.0345606013903685 1.2262258001435697 1.776914390968829
67 670 -0.3851590664624811 -0.07085934022907839 0.3020234376934486 0.7968621839716846 0.4006727669861064 0.5280195085568632 0.7310653873845666 0.7815871219717682 0.8270136630045146 1.0345606013903685 1.2262258001435697 1.776914390968829
68 680 -0.3860412342420042 -0.06317567495515033 0.32704625935374276 0.8119108783299949 0.4006727669861064 0.5280195085568632 0.7310653873845666 0.7815871219717682 0.8270136630045146 1.0345606013903685 1.2262258001435697 1.776914390968829
69 690 -0.3914578720383681 -0.07683565363523415 0.3272960526803494 0.8290109688384238 0.4006727669861064 0.5280195085568632 0.7310653873845666 0.7815871219717682 0.8270136630045146 1.0345606013903685 1.2262258001435697 1.776914390968829
70 700 -0.43453652367000645 -0.08502662335022626 0.34397177584692695 0.8375883473544644 0.4006727669861064 0.5280195085568632 0.7310653873845666 0.7815871219717682 0.8270136630045146 1.0345606013903685 1.2262258001435697 1.776914390968829
71 710 -0.38207940401307233 -0.043763580280357484 0.3417332883855036 0.8135354744730855 0.4006727669861064 0.5280195085568632 0.7310653873845666 0.7815871219717682 0.8270136630045146 1.0345606013903685 1.2262258001435697 1.776914390968829
72 720 -0.42074614545524036 -0.024207646198284576 0.33845607846349235 0.8112233028328649 0.4006727669861064 0.5280195085568632 0.7310653873845666 0.7815871219717682 0.8270136630045146 1.0345606013903685 1.2262258001435697 1.776914390968829
73 730 -0.4109452852756348 -0.00776301372730627 0.35476815917905047 0.8273633519603164 0.33389064621642545 0.5191176418929024 0.6584263738721002 0.7376207239627387 0.821475555533582 1.02420849562209 1.3420080792165165 1.7653932911646002
74 740 -0.4073251583560158 -0.00834100836931368 0.33747647704330364 0.8164758791930677 0.33389064621642545 0.5191176418929024 0.6584263738721002 0.7376207239627387 0.821475555533582 1.02420849562209 1.3420080792165165 1.7653932911646002
75 750 -0.3836855433681432 0.010594396645719456 0.33890487114409146 0.8078883440585415 0.33389064621642545 0.5191176418929024 0.6584263738721002 0.7376207239627387 0.821475555533582 1.02420849562209 1.3420080792165165 1.7653932911646002
76 760 -0.38769230859127685 0.02681650799274584 0.3460353444266685 0.8433217431251658 0.33389064621642545 0.5191176418929024 0.6584263738721002 0.7376207239627387 0.821475555533582 1.02420849562209 1.3420080792165165 1.7653932911646002
77 770 -0.35462683110650156 0.022366778535498465 0.3349744750745519 0.8428448084061736 0.33389064621642545 0.5191176418929024 0.6584263738721002 0.7376207239627387 0.821475555533582 1.02420849562209 1.3420080792165165 1.7653932911646002
78 780 -0.3218990599522689 -0.02157485109210081 0.3403704125592667 0.8333848478156344 0.33389064621642545 0.5191176418929024 0.6584263738721002 0.7376207239627387 0.821475555533582 1.02420849562209 1.3420080792165165 1.7653932911646002
79 790 -0.3045882248507819 -0.02945863118763123 0.30578012249241227 0.8396931006887085 0.33389064621642545 0.5191176418929024 0.6584263738721002 0.7376207239627387 0.821475555533582 1.02420849562209 1.3420080792165165 1.7653932911646002
80 800 -0.32876635524420095 -0.03448321142576201 0.33404147511927307 0.8423149720039395 0.33389064621642545 0.5191176418929024 0.6584263738721002 0.7376207239627387 0.821475555533582 1.02420849562209 1.3420080792165165 1.7653932911646002
81 810 -0.35053405345416655 -0.037220964848259985 0.34248870494414024 0.8394789150469834 0.2951378871650282 0.5261193277588372 0.5686544252908702 0.7706223686672629 0.979919119366982 1.0214635574281836 1.3854686734543245 1.6720384760067684
82 820 -0.3259690246678481 -0.02344502751967187 0.3524536602400773 0.8248920932634383 0.2951378871650282 0.5261193277588372 0.5686544252908702 0.7706223686672629 0.979919119366982 1.0214635574281836 1.3854686734543245 1.6720384760067684
83 830 -0.29732124242838354 -0.03466582777837013 0.35201107631092804 0.8211550276162173 0.2951378871650282 0.5261193277588372 0.5686544252908702 0.7706223686672629 0.979919119366982 1.0214635574281836 1.3854686734543245 1.6720384760067684
84 840 -0.2880037329632653 -0.01432390440277434 0.33661202277496305 0.7990487933191083 0.2951378871650282 0.5261193277588372 0.5686544252908702 0.7706223686672629 0.979919119366982 1.0214635574281836 1.3854686734543245 1.6720384760067684
85 850 -0.28371811774893313 -0.058564143527409344 0.36752341807288247 0.7935675625820379 0.2951378871650282 0.5261193277588372 0.5686544252908702 0.7706223686672629 0.979919119366982 1.0214635574281836 1.3854686734543245 1.6720384760067684
86 860 -0.28174667005725995 -0.056044269726391885 0.34287389242753985 0.8193085227562306 0.2951378871650282 0.5261193277588372 0.5686544252908702 0.7706223686672629 0.979919119366982 1.0214635574281836 1.3854686734543245 1.6720384760067684
87 870 -0.27446836469765035 -0.0793244519489885 0.3260512931371594 0.8191215433996422 0.2951378871650282 0.5261193277588372 0.5686544252908702 0.7706223686672629 0.979919119366982 1.0214635574281836 1.3854686734543245 1.6720384760067684
88 880 -0.2818678665057838 -0.06871455693388409 0.33462472238232377 0.8450542299336794 0.2951378871650282 0.5261193277588372 0.5686544252908702 0.7706223686672629 0.979919119366982 1.0214635574281836 1.3854686734543245 1.6720384760067684
89 890 -0.312649153278743 -0.088523558998224 0.3439629795572817 0.8412809201806941 0.308678130738314 0.48126758653716295 0.590274466477988 0.8397267975653826 0.9690084537355823 1.0890861585454392 1.3142530935457046 1.663486412143655
90 900 -0.26278729446244675 -0.053977719155021586 0.3422603200492471 0.8257903627841305 0.308678130738314 0.48126758653716295 0.590274466477988 0.8397267975653826 0.9690084537355823 1.0890861585454392 1.3142530935457046 1.663486412143655
91 910 -0.24389507294419405 -0.059838225216355886 0.3091578844955851 0.8215108764265396 0.308678130738314 0.48126758653716295 0.590274466477988 0.8397267975653826 0.9690084537355823 1.0890861585454392 1.3142530935457046 1.663486412143655
92 920 -0.21639493049521907 -0.05252554117428368 0.3011208996849917 0.8287125790689981 0.308678130738314 0.48126758653716295 0.590274466477988 0.8397267975653826 0.9690084537355823 1.0890861585454392 1.3142530935457046 1.663486412143655
93 930 -0.26645850543433797 -0.05251557627363283 0.27791066457036595 0.8284757705999536 0.308678130738314 0.48126758653716295 0.590274466477988 0.8397267975653826 0.9690084537355823 1.0890861585454392 1.3142530935457046 1.663486412143655
94 940 -0.28143366887479576 -0.042277171840998384 0.2781137704658111 0.8206240766334566 0.308678130738314 0.48126758653716295 0.590274466477988 0.8397267975653826 0.9690084537355823 1.0890861585454392 1.3142530935457046 1.663486412143655
95 950 -0.2805839051527612 -0.03244779172964911 0.2614184752219296 0.8410449326675694 0.308678130738314 0.48126758653716295 0.590274466477988 0.8397267975653826 0.9690084537355823 1.0890861585454392 1.3142530935457046 1.663486412143655
96 960 -0.28656626098838733 -0.10203746993413418 0.2466740845977104 0.8215221525059351 0.308678130738314 0.48126758653716295 0.590274466477988 0.8397267975653826 0.9690084537355823 1.0890861585454392 1.3142530935457046 1.663486412143655
97 970 -0.34885839080751196 -0.139648130579404 0.20359905356836044 0.8120919323570309 0.33497729817081456 0.649341069865659 0.7204815051186442 0.8102271669278284 0.9864584578024643 1.1650726181920776 1.214433626132918 1.5764647780831234
98 980 -0.2937107876792566 -0.11504770975121634 0.18543825498693373 0.803879370957892 0.33497729817081456 0.649341069865659 0.7204815051186442 0.8102271669278284 0.9864584578024643 1.1650726181920776 1.214433626132918 1.5764647780831234
99 990 -0.2509695271158268 -0.13034844444472984 0.1628572256591956 0.8113105607663662 0.33497729817081456 0.649341069865659 0.7204815051186442 0.8102271669278284 0.9864584578024643 1.1650726181920776 1.214433626132918 1.5764647780831234
100 1000 -0.2462272537108161 -0.1397330069828014 0.159011923197091 0.8098427135375601 0.33497729817081456 0.649341069865659 0.7204815051186442 0.8102271669278284 0.9864584578024643 1.1650726181920776 1.214433626132918 1.5764647780831234
101 1010 -0.2652671151483047 -0.1587807945992718 0.16625184619262837 0.8054270531229314 0.33497729817081456 0.649341069865659 0.7204815051186442 0.8102271669278284 0.9864584578024643 1.1650726181920776 1.214433626132918 1.5764647780831234
102 1020 -0.25614339715755996 -0.15172494693397928 0.1723213105719124 0.7941395277698714 0.33497729817081456 0.649341069865659 0.7204815051186442 0.8102271669278284 0.9864584578024643 1.1650726181920776 1.214433626132918 1.5764647780831234
103 1030 -0.2575517841059104 -0.1581243090808297 0.16953726158424298 0.769259084284121 0.33497729817081456 0.649341069865659 0.7204815051186442 0.8102271669278284 0.9864584578024643 1.1650726181920776 1.214433626132918 1.5764647780831234
104 1040 -0.22639930464035588 -0.1626762869812957 0.1504597875602218 0.7805948358983312 0.33497729817081456 0.649341069865659 0.7204815051186442 0.8102271669278284 0.9864584578024643 1.1650726181920776 1.214433626132918 1.5764647780831234
105 1050 -0.2382325860106821 -0.15926944824993636 0.11771779025109919 0.79157463162942 0.3095795884821677 0.6185036191425372 0.7657961096823273 0.7745184025469637 0.9492075196414503 1.1671020871628695 1.3144171479612605 1.5311684028727517
106 1060 -0.24973249788996812 -0.14043570440925973 0.0932150440571429 0.8005948712593396 0.3095795884821677 0.6185036191425372 0.7657961096823273 0.7745184025469637 0.9492075196414503 1.1671020871628695 1.3144171479612605 1.5311684028727517
107 1070 -0.283096584945936 -0.14502858384311051 0.1057469149538286 0.8166184722493828 0.3095795884821677 0.6185036191425372 0.7657961096823273 0.7745184025469637 0.9492075196414503 1.1671020871628695 1.3144171479612605 1.5311684028727517
108 1080 -0.29906287326158804 -0.12475772405500056 0.10514518482816182 0.8090016794435472 0.3095795884821677 0.6185036191425372 0.7657961096823273 0.7745184025469637 0.9492075196414503 1.1671020871628695 1.3144171479612605 1.5311684028727517
109 1090 -0.2578985922132959 -0.1678545221270309 0.12705632004486972 0.8364804146007707 0.3095795884821677 0.6185036191425372 0.7657961096823273 0.7745184025469637 0.9492075196414503 1.1671020871628695 1.3144171479612605 1.5311684028727517
110 1100 -0.27172179315921935 -0.17185167064983736 0.14610407893233573 0.8476858972554516 0.3095795884821677 0.6185036191425372 0.7657961096823273 0.7745184025469637 0.9492075196414503 1.1671020871628695 1.3144171479612605 1.5311684028727517
111 1110 -0.2825196812334742 -0.16758613964768063 0.16044553654938642 0.8532621723094638 0.3095795884821677 0.6185036191425372 0.7657961096823273 0.7745184025469637 0.9492075196414503 1.1671020871628695 1.3144171479612605 1.5311684028727517
112 1120 -0.26751912180257376 -0.16679156057729772 0.1860202352068835 0.860271372837238 0.3095795884821677 0.6185036191425372 0.7657961096823273 0.7745184025469637 0.9492075196414503 1.1671020871628695 1.3144171479612605 1.5311684028727517
113 1130 -0.33076180076891626 -0.16618629960733472 0.15270230357704262 0.8713047307530606 0.25199895818174356 0.585561664357049 0.7453769629801895 0.8070323912463034 0.9902502461998717 1.1798405521133961 1.2943386062293647 1.5293116944437768
114 1140 -0.3227043950627246 -0.1427911131048424 0.14748152775660794 0.8749990714330337 0.25199895818174356 0.585561664357049 0.7453769629801895 0.8070323912463034 0.9902502461998717 1.1798405521133961 1.2943386062293647 1.5293116944437768
115 1150 -0.33602937867783117 -0.10908998349483809 0.14116945917752555 0.8835015962560893 0.25199895818174356 0.585561664357049 0.7453769629801895 0.8070323912463034 0.9902502461998717 1.1798405521133961 1.2943386062293647 1.5293116944437768
116 1160 -0.31430148147434883 -0.11774285824554519 0.14584045876412866 0.8798320958680387 0.25199895818174356 0.585561664357049 0.7453769629801895 0.8070323912463034 0.9902502461998717 1.1798405521133961 1.2943386062293647 1.5293116944437768
117 1170 -0.3344358479344578 -0.11823550250747543 0.11843957351369519 0.8786089115444532 0.25199895818174356 0.585561664357049 0.7453769629801895 0.8070323912463034 0.9902502461998717 1.1798405521133961 1.2943386062293647 1.5293116944437768
118 1180 -0.34679730237424394 -0.1317296487995792 0.11106750243659971 0.8592794267216026 0.25199895818174356 0.585561664357049 0.7453769629801895 0.8070323912463034 0.9902502461998717 1.1798405521133961 1.2943386062293647 1.5293116944437768
119 1190 -0.33715016936255826 -0.09031406371753112 0.13450185087346234 0.8524351554612938 0.25199895818174356 0.585561664357049 0.7453769629801895 0.8070323912463034 0.9902502461998717 1.1798405521133961 1.2943386062293647 1.5293116944437768
120 1200 -0.34427935064727927 -0.11977085775384835 0.12491069562821608 0.8357407325552042 0.25199895818174356 0.585561664357049 0.7453769629801895 0.8070323912463034 0.9902502461998717 1.1798405521133961 1.2943386062293647 1.5293116944437768
121 1210 -0.37710396053410755 -0.15917847132288757 0.11299261745850209 0.8297239730621688 0.2526339057946299 0.550722346363698 0.6684017799354341 0.8040001766845808 1.0235187147838487 1.269896601066088 1.3223981103773188 1.45970513600776
122 1220 -0.3688116441117504 -0.16785338824308899 0.134470376938218 0.8439111183206831 0.2526339057946299 0.550722346363698 0.6684017799354341 0.8040001766845808 1.0235187147838487 1.269896601066088 1.3223981103773188 1.45970513600776
123 1230 -0.3833835120729763 -0.16774296524488663 0.1416881503048068 0.8339191197449606 0.2526339057946299 0.550722346363698 0.6684017799354341 0.8040001766845808 1.0235187147838487 1.269896601066088 1.3223981103773188 1.45970513600776
124 1240 -0.326031169007683 -0.16836150003293096 0.13540935110002217 0.8270504163970102 0.2526339057946299 0.550722346363698 0.6684017799354341 0.8040001766845808 1.0235187147838487 1.269896601066088 1.3223981103773188 1.45970513600776
125 1250 -0.3089455660797718 -0.1227977269875711 0.12357134972454514 0.8263861578347639 0.2526339057946299 0.550722346363698 0.6684017799354341 0.8040001766845808 1.0235187147838487 1.269896601066088 1.3223981103773188 1.45970513600776
126 1260 -0.33225042120430903 -0.1447824846435229 0.13355885918055266 0.817590617080548 0.2526339057946299 0.550722346363698 0.6684017799354341 0.8040001766845808 1.0235187147838487 1.269896601066088 1.3223981103773188 1.45970513600776
127 1270 -0.31468297404717627 -0.16658329718227236 0.17937293448507427 0.7801263890720576 0.2526339057946299 0.550722346363698 0.6684017799354341 0.8040001766845808 1.0235187147838487 1.269896601066088 1.3223981103773188 1.45970513600776
128 1280 -0.3296263823928415 -0.12927549905949826 0.1813881017207552 0.7920284399023836 0.2526339057946299 0.550722346363698 0.6684017799354341 0.8040001766845808 1.0235187147838487 1.269896601066088 1.3223981103773188 1.45970513600776
129 1290 -0.3144786278984933 -0.12394447766482639 0.16689113393820804 0.7735437958226193 0.2553129680686567 0.5523614218682051 0.7104668113276509 0.9497276255023772 1.0431431326239378 1.2108846018591044 1.2756500555700052 1.4287387154030375
130 1300 -0.30846516902874377 -0.12895391349216373 0.18986530003717575 0.7455547801344484 0.2553129680686567 0.5523614218682051 0.7104668113276509 0.9497276255023772 1.0431431326239378 1.2108846018591044 1.2756500555700052 1.4287387154030375
131 1310 -0.30466976700613935 -0.1492898304671737 0.18348985572013796 0.7321208706981723 0.2553129680686567 0.5523614218682051 0.7104668113276509 0.9497276255023772 1.0431431326239378 1.2108846018591044 1.2756500555700052 1.4287387154030375
132 1320 -0.32642233915320273 -0.15647816381273216 0.14657681465282602 0.7233423001863741 0.2553129680686567 0.5523614218682051 0.7104668113276509 0.9497276255023772 1.0431431326239378 1.2108846018591044 1.2756500555700052 1.4287387154030375
133 1330 -0.31635020014117454 -0.16122427634949307 0.15691283168352826 0.7220771033840646 0.2553129680686567 0.5523614218682051 0.7104668113276509 0.9497276255023772 1.0431431326239378 1.2108846018591044 1.2756500555700052 1.4287387154030375
134 1340 -0.3050257192155092 -0.1685606559702925 0.17189432565372437 0.720697108071469 0.2553129680686567 0.5523614218682051 0.7104668113276509 0.9497276255023772 1.0431431326239378 1.2108846018591044 1.2756500555700052 1.4287387154030375
135 1350 -0.31224113846253587 -0.13488779625052955 0.21150805958363192 0.6930770245674562 0.2553129680686567 0.5523614218682051 0.7104668113276509 0.9497276255023772 1.0431431326239378 1.2108846018591044 1.2756500555700052 1.4287387154030375
136 1360 -0.3149497146494099 -0.11114666667193004 0.17580374745791832 0.6987279624619722 0.2553129680686567 0.5523614218682051 0.7104668113276509 0.9497276255023772 1.0431431326239378 1.2108846018591044 1.2756500555700052 1.4287387154030375
137 1370 -0.3178271895149787 -0.08002718790851673 0.17110013687307224 0.6888484320593118 0.28887830769639167 0.5991412875661752 0.7596196341520582 0.9469698965516494 1.057626556945213 1.1855536006413223 1.2759476330247226 1.3898386349288487
138 1380 -0.32745268126505445 -0.06836754813319401 0.15281518937239058 0.6639024775730779 0.28887830769639167 0.5991412875661752 0.7596196341520582 0.9469698965516494 1.057626556945213 1.1855536006413223 1.2759476330247226 1.3898386349288487
139 1390 -0.3609351968719731 -0.05029695235327945 0.14775828469986974 0.6666524257828292 0.28887830769639167 0.5991412875661752 0.7596196341520582 0.9469698965516494 1.057626556945213 1.1855536006413223 1.2759476330247226 1.3898386349288487
140 1400 -0.39553624963523143 -0.06341278067493884 0.13533697658390867 0.6789808366071375 0.28887830769639167 0.5991412875661752 0.7596196341520582 0.9469698965516494 1.057626556945213 1.1855536006413223 1.2759476330247226 1.3898386349288487
141 1410 -0.39559454363206775 -0.06000982576773394 0.13700412622874786 0.6792906372234679 0.28887830769639167 0.5991412875661752 0.7596196341520582 0.9469698965516494 1.057626556945213 1.1855536006413223 1.2759476330247226 1.3898386349288487
142 1420 -0.45179797593615484 -0.06061657245772224 0.16662046598629743 0.6729223992285792 0.28887830769639167 0.5991412875661752 0.7596196341520582 0.9469698965516494 1.057626556945213 1.1855536006413223 1.2759476330247226 1.3898386349288487
143 1430 -0.46619576268387025 -0.04641324332021962 0.16425592610538137 0.6693950155478947 0.28887830769639167 0.5991412875661752 0.7596196341520582 0.9469698965516494 1.057626556945213 1.1855536006413223 1.2759476330247226 1.3898386349288487
144 1440 -0.4486882280072191 -0.08990305469720747 0.1437364952883968 0.6681449049829041 0.28887830769639167 0.5991412875661752 0.7596196341520582 0.9469698965516494 1.057626556945213 1.1855536006413223 1.2759476330247226 1.3898386349288487
145 1450 -0.4571448548743824 -0.06571995139871273 0.15589858688279468 0.6481600264831742 0.31750381524678334 0.6237048484808343 0.7552710433632908 0.9475586964063583 1.0540941741965553 1.1723534453826736 1.2823939962243585 1.3826858886525242
146 1460 -0.44792247624192827 -0.07661569124642065 0.15481922731824277 0.6154966163321437 0.31750381524678334 0.6237048484808343 0.7552710433632908 0.9475586964063583 1.0540941741965553 1.1723534453826736 1.2823939962243585 1.3826858886525242
147 1470 -0.45770008912939164 -0.015516064234016089 0.1425701441441477 0.636163350360086 0.31750381524678334 0.6237048484808343 0.7552710433632908 0.9475586964063583 1.0540941741965553 1.1723534453826736 1.2823939962243585 1.3826858886525242
148 1480 -0.3986209275907114 -0.028306457382405687 0.14006369010454314 0.6570629028332013 0.31750381524678334 0.6237048484808343 0.7552710433632908 0.9475586964063583 1.0540941741965553 1.1723534453826736 1.2823939962243585 1.3826858886525242
149 1490 -0.41478382748712994 -0.029333411096070273 0.13144024127125792 0.6695345218559952 0.31750381524678334 0.6237048484808343 0.7552710433632908 0.9475586964063583 1.0540941741965553 1.1723534453826736 1.2823939962243585 1.3826858886525242
150 1500 -0.3925550745986788 -0.04574030436068306 0.11409100035447789 0.6509522228652647 0.31750381524678334 0.6237048484808343 0.7552710433632908 0.9475586964063583 1.0540941741965553 1.1723534453826736 1.2823939962243585 1.3826858886525242
151 1510 -0.3620338234278355 -0.04292521600986038 0.12385226520129526 0.6539072627891999 0.31750381524678334 0.6237048484808343 0.7552710433632908 0.9475586964063583 1.0540941741965553 1.1723534453826736 1.2823939962243585 1.3826858886525242
152 1520 -0.34557950385401004 -0.03249462717744954 0.1451288218376545 0.6148891744362954 0.31750381524678334 0.6237048484808343 0.7552710433632908 0.9475586964063583 1.0540941741965553 1.1723534453826736 1.2823939962243585 1.3826858886525242
153 1530 -0.35986574103583047 -0.02173432620278686 0.16823459034723245 0.5938927766558375 0.2821930593180867 0.694442276321205 0.7716743984450867 0.9016799419175536 0.9959551655945915 1.142746024930883 1.3106561636986636 1.4191526198571136
154 1540 -0.3480769709434299 -0.05470393401552701 0.1743214154394071 0.6036781516535252 0.2821930593180867 0.694442276321205 0.7716743984450867 0.9016799419175536 0.9959551655945915 1.142746024930883 1.3106561636986636 1.4191526198571136
155 1550 -0.32207771394797696 -0.03818908368336012 0.19324511387109367 0.6204480518564329 0.2821930593180867 0.694442276321205 0.7716743984450867 0.9016799419175536 0.9959551655945915 1.142746024930883 1.3106561636986636 1.4191526198571136
156 1560 -0.36651176689912857 -0.03227486324389473 0.1826746946003041 0.599350256877076 0.2821930593180867 0.694442276321205 0.7716743984450867 0.9016799419175536 0.9959551655945915 1.142746024930883 1.3106561636986636 1.4191526198571136
157 1570 -0.3931317365075537 -0.04780886231984274 0.12809396363250847 0.5491237169220327 0.2821930593180867 0.694442276321205 0.7716743984450867 0.9016799419175536 0.9959551655945915 1.142746024930883 1.3106561636986636 1.4191526198571136
158 1580 -0.40348414458294174 -0.06813886522958597 0.14693045121723816 0.5379233355241165 0.2821930593180867 0.694442276321205 0.7716743984450867 0.9016799419175536 0.9959551655945915 1.142746024930883 1.3106561636986636 1.4191526198571136
159 1590 -0.45254031905128883 -0.08204244719176444 0.1365718957948916 0.5573288466184826 0.2821930593180867 0.694442276321205 0.7716743984450867 0.9016799419175536 0.9959551655945915 1.142746024930883 1.3106561636986636 1.4191526198571136
160 1600 -0.46441525802520944 -0.08218312719097673 0.12527810260623878 0.5594150294051251 0.2821930593180867 0.694442276321205 0.7716743984450867 0.9016799419175536 0.9959551655945915 1.142746024930883 1.3106561636986636 1.4191526198571136
161 1610 -0.46162572977769945 -0.07959775995445856 0.14507462101548588 0.5263232587958039 0.31671090194841073 0.6699848033846525 0.8094187095980859 0.9271671829571304 1.0032845754899482 1.1708060939546068 1.2154380029527825 1.4426921179314123
162 1620 -0.4455074658038415 -0.09109624078641773 0.13773687361458212 0.5561595661106801 0.31671090194841073 0.6699848033846525 0.8094187095980859 0.9271671829571304 1.0032845754899482 1.1708060939546068 1.2154380029527825 1.4426921179314123
163 1630 -0.44705435057606346 -0.08519867030603914 0.14184836204718998 0.554799984462342 0.31671090194841073 0.6699848033846525 0.8094187095980859 0.9271671829571304 1.0032845754899482 1.1708060939546068 1.2154380029527825 1.4426921179314123
164 1640 -0.38284135554987436 -0.09872589827803585 0.14877972732087075 0.5376232481313825 0.31671090194841073 0.6699848033846525 0.8094187095980859 0.9271671829571304 1.0032845754899482 1.1708060939546068 1.2154380029527825 1.4426921179314123
165 1650 -0.37626963641484296 -0.10150180158581551 0.15287011540623968 0.5208661685316538 0.31671090194841073 0.6699848033846525 0.8094187095980859 0.9271671829571304 1.0032845754899482 1.1708060939546068 1.2154380029527825 1.4426921179314123
166 1660 -0.38425011185143776 -0.12295866432543329 0.15008239057531597 0.5186950613777812 0.31671090194841073 0.6699848033846525 0.8094187095980859 0.9271671829571304 1.0032845754899482 1.1708060939546068 1.2154380029527825 1.4426921179314123
167 1670 -0.35891539442972503 -0.1271884779980599 0.12731374095532677 0.534680549673385 0.31671090194841073 0.6699848033846525 0.8094187095980859 0.9271671829571304 1.0032845754899482 1.1708060939546068 1.2154380029527825 1.4426921179314123
168 1680 -0.318783887560126 -0.14240409364136328 0.17532542364629075 0.5592248979700553 0.31671090194841073 0.6699848033846525 0.8094187095980859 0.9271671829571304 1.0032845754899482 1.1708060939546068 1.2154380029527825 1.4426921179314123
169 1690 -0.35411656502332794 -0.12869081635863666 0.19265910433641825 0.5713632163178896 0.3168722776426025 0.7196322865145869 0.8011149740969278 0.9216848247746429 0.9888166291675283 1.1165875528031335 1.179944855307068 1.5078585023689892
170 1700 -0.3546865873113312 -0.16454846002762108 0.18869249308804154 0.5727235946581167 0.3168722776426025 0.7196322865145869 0.8011149740969278 0.9216848247746429 0.9888166291675283 1.1165875528031335 1.179944855307068 1.5078585023689892
171 1710 -0.3398745450529168 -0.17066692019302798 0.14048658375538597 0.5558419558868462 0.3168722776426025 0.7196322865145869 0.8011149740969278 0.9216848247746429 0.9888166291675283 1.1165875528031335 1.179944855307068 1.5078585023689892
172 1720 -0.36934075437245606 -0.14878245534214804 0.13522188311642172 0.5311211741336052 0.3168722776426025 0.7196322865145869 0.8011149740969278 0.9216848247746429 0.9888166291675283 1.1165875528031335 1.179944855307068 1.5078585023689892
173 1730 -0.33716544473070337 -0.16126371135397546 0.17354133064918 0.5357861832351918 0.3168722776426025 0.7196322865145869 0.8011149740969278 0.9216848247746429 0.9888166291675283 1.1165875528031335 1.179944855307068 1.5078585023689892
174 1740 -0.3640066101712067 -0.15401704959556323 0.16438890228604727 0.551855447263564 0.3168722776426025 0.7196322865145869 0.8011149740969278 0.9216848247746429 0.9888166291675283 1.1165875528031335 1.179944855307068 1.5078585023689892
175 1750 -0.37290403192625904 -0.12205914978721626 0.17220052938788138 0.5608159421037884 0.3168722776426025 0.7196322865145869 0.8011149740969278 0.9216848247746429 0.9888166291675283 1.1165875528031335 1.179944855307068 1.5078585023689892
176 1760 -0.3659002124757841 -0.1316812389158208 0.1413264771644182 0.5747540069293435 0.3168722776426025 0.7196322865145869 0.8011149740969278 0.9216848247746429 0.9888166291675283 1.1165875528031335 1.179944855307068 1.5078585023689892
177 1770 -0.34177305322462403 -0.14582869882679808 0.12771287667462217 0.5791930128053727 0.32760136468580603 0.7096373547655324 0.8266356350678855 0.9204129593485688 0.9972380304583806 1.086507926104058 1.2870235253050064 1.4237952676240075
178 1780 -0.3359415198624106 -0.14519885627408902 0.13819683684701328 0.582849747839662 0.32760136468580603 0.7096373547655324 0.8266356350678855 0.9204129593485688 0.9972380304583806 1.086507926104058 1.2870235253050064 1.4237952676240075
179 1790 -0.3296036391726059 -0.14173388198853032 0.11804122585223191 0.587623702138936 0.32760136468580603 0.7096373547655324 0.8266356350678855 0.9204129593485688 0.9972380304583806 1.086507926104058 1.2870235253050064 1.4237952676240075
180 1800 -0.3364809115043179 -0.1561737173352915 0.12088567567475914 0.582103427520336 0.32760136468580603 0.7096373547655324 0.8266356350678855 0.9204129593485688 0.9972380304583806 1.086507926104058 1.2870235253050064 1.4237952676240075
181 1810 -0.3333690464966335 -0.15254915442920963 0.09623612652443203 0.5960887312319461 0.32760136468580603 0.7096373547655324 0.8266356350678855 0.9204129593485688 0.9972380304583806 1.086507926104058 1.2870235253050064 1.4237952676240075
182 1820 -0.4048469993681095 -0.12364719033942836 0.1471783469989928 0.6055168200930746 0.32760136468580603 0.7096373547655324 0.8266356350678855 0.9204129593485688 0.9972380304583806 1.086507926104058 1.2870235253050064 1.4237952676240075
183 1830 -0.3949047988900256 -0.15614092120676476 0.18644511972171868 0.6114260817746064 0.32760136468580603 0.7096373547655324 0.8266356350678855 0.9204129593485688 0.9972380304583806 1.086507926104058 1.2870235253050064 1.4237952676240075
184 1840 -0.38856746399733055 -0.1703742159222395 0.17214994270157674 0.5808042456059223 0.32760136468580603 0.7096373547655324 0.8266356350678855 0.9204129593485688 0.9972380304583806 1.086507926104058 1.2870235253050064 1.4237952676240075
185 1850 -0.3897685022625388 -0.16867606986859757 0.16485058850145584 0.6110158709012093 0.33984301850954607 0.7011434483337269 0.8531774461890497 0.8863823290790224 0.9524989213182125 1.0040993463776775 1.2759692151274051 1.528316743734264
186 1860 -0.33349186154017524 -0.1483337606418365 0.13448200195376314 0.635762720962737 0.33984301850954607 0.7011434483337269 0.8531774461890497 0.8863823290790224 0.9524989213182125 1.0040993463776775 1.2759692151274051 1.528316743734264
187 1870 -0.3469606511220465 -0.1391702742289611 0.15169530751300997 0.6377927292124608 0.33984301850954607 0.7011434483337269 0.8531774461890497 0.8863823290790224 0.9524989213182125 1.0040993463776775 1.2759692151274051 1.528316743734264
188 1880 -0.3762822367602606 -0.1477047319331335 0.1321748121035966 0.645213301643543 0.33984301850954607 0.7011434483337269 0.8531774461890497 0.8863823290790224 0.9524989213182125 1.0040993463776775 1.2759692151274051 1.528316743734264
189 1890 -0.3924073816638524 -0.14347570635993212 0.12965763306867611 0.6328539293515681 0.33984301850954607 0.7011434483337269 0.8531774461890497 0.8863823290790224 0.9524989213182125 1.0040993463776775 1.2759692151274051 1.528316743734264
190 1900 -0.45845698386072686 -0.1485370740912195 0.19362724923166166 0.6557897256542269 0.33984301850954607 0.7011434483337269 0.8531774461890497 0.8863823290790224 0.9524989213182125 1.0040993463776775 1.2759692151274051 1.528316743734264
191 1910 -0.4727709799570496 -0.15707380529848158 0.16731982678239884 0.6518671521079955 0.33984301850954607 0.7011434483337269 0.8531774461890497 0.8863823290790224 0.9524989213182125 1.0040993463776775 1.2759692151274051 1.528316743734264
192 1920 -0.45770908978751534 -0.17951559443051474 0.1356576067179568 0.6358722110755566 0.33984301850954607 0.7011434483337269 0.8531774461890497 0.8863823290790224 0.9524989213182125 1.0040993463776775 1.2759692151274051 1.528316743734264
193 1930 -0.41787041563479477 -0.17436723222093028 0.10264276892119277 0.6319857564307446 0.3218262185574544 0.6412365910225002 0.8278118742543632 0.8544078258418834 0.9803613835981548 1.1075124777636407 1.2543170432967792 1.5195245017468646
194 1940 -0.4642733754989232 -0.16974566744636763 0.12987934166396842 0.676456410075588 0.3218262185574544 0.6412365910225002 0.8278118742543632 0.8544078258418834 0.9803613835981548 1.1075124777636407 1.2543170432967792 1.5195245017468646
195 1950 -0.4958729002624057 -0.14734603724717657 0.11523866125467816 0.6583260469207725 0.3218262185574544 0.6412365910225002 0.8278118742543632 0.8544078258418834 0.9803613835981548 1.1075124777636407 1.2543170432967792 1.5195245017468646
196 1960 -0.4879169258453927 -0.14333149749510407 0.13645740154819364 0.6978814580501498 0.3218262185574544 0.6412365910225002 0.8278118742543632 0.8544078258418834 0.9803613835981548 1.1075124777636407 1.2543170432967792 1.5195245017468646
197 1970 -0.5282018777232503 -0.1819154745364166 0.11356350248346347 0.6783468221565317 0.3218262185574544 0.6412365910225002 0.8278118742543632 0.8544078258418834 0.9803613835981548 1.1075124777636407 1.2543170432967792 1.5195245017468646
198 1980 -0.4797407303101555 -0.17388353175565802 0.12471253983601177 0.6708759017520275 0.3218262185574544 0.6412365910225002 0.8278118742543632 0.8544078258418834 0.9803613835981548 1.1075124777636407 1.2543170432967792 1.5195245017468646
199 1990 -0.482087861847507 -0.17089564056529022 0.1544736230203751 0.6676845379150841 0.3218262185574544 0.6412365910225002 0.8278118742543632 0.8544078258418834 0.9803613835981548 1.1075124777636407 1.2543170432967792 1.5195245017468646
200 2000 -0.49867478405537713 -0.1616298106685755 0.14491731271041122 0.6463652238958929 0.3218262185574544 0.6412365910225002 0.8278118742543632 0.8544078258418834 0.9803613835981548 1.1075124777636407 1.2543170432967792 1.5195245017468646
201 2010 -0.48608457544012507 -0.14050528453387104 0.13614964001189733 0.6449311914485774 0.31155199919922816 0.5848792973991774 0.8092628398134238 0.854753244825887 0.9954836287865179 1.0836932309544278 1.2140092504850295 1.5925278558203917
202 2020 -0.4640091696930734 -0.1450262686757138 0.1560710576388008 0.6401736038746234 0.31155199919922816 0.5848792973991774 0.8092628398134238 0.854753244825887 0.9954836287865179 1.0836932309544278 1.2140092504850295 1.5925278558203917
203 2030 -0.4683333631245116 -0.14534613492157372 0.15209589423219688 0.6478391733754154 0.31155199919922816 0.5848792973991774 0.8092628398134238 0.854753244825887 0.9954836287865179 1.0836932309544278 1.2140092504850295 1.5925278558203917
204 2040 -0.4722280710980857 -0.1277075976102707 0.16545663525970455 0.6982679675106036 0.31155199919922816 0.5848792973991774 0.8092628398134238 0.854753244825887 0.9954836287865179 1.0836932309544278 1.2140092504850295 1.5925278558203917
205 2050 -0.4208427272411501 -0.13585060375693306 0.142997071444664 0.7067488669192838 0.31155199919922816 0.5848792973991774 0.8092628398134238 0.854753244825887 0.9954836287865179 1.0836932309544278 1.2140092504850295 1.5925278558203917
206 2060 -0.43594671534740503 -0.12323955457739552 0.1527329872532168 0.7156047309508775 0.31155199919922816 0.5848792973991774 0.8092628398134238 0.854753244825887 0.9954836287865179 1.0836932309544278 1.2140092504850295 1.5925278558203917
207 2070 -0.42413383127548465 -0.12133234629794448 0.1765795667373378 0.6941317826462607 0.31155199919922816 0.5848792973991774 0.8092628398134238 0.854753244825887 0.9954836287865179 1.0836932309544278 1.2140092504850295 1.5925278558203917
208 2080 -0.42835242714155924 -0.12456011988913943 0.16039016727351604 0.7003888161872982 0.31155199919922816 0.5848792973991774 0.8092628398134238 0.854753244825887 0.9954836287865179 1.0836932309544278 1.2140092504850295 1.5925278558203917
209 2090 -0.46330787317435135 -0.1561666628745808 0.1789525265834378 0.7202084455103374 0.3115453536926009 0.6474479327108056 0.8227271236238701 0.8840291105472855 0.9979414106434397 1.0638607442624366 1.1887882201632665 1.576216705951638
210 2100 -0.4268320098202604 -0.14611260244145277 0.2034972498524195 0.6952306072720944 0.3115453536926009 0.6474479327108056 0.8227271236238701 0.8840291105472855 0.9979414106434397 1.0638607442624366 1.1887882201632665 1.576216705951638
211 2110 -0.36552263143644675 -0.09581465062310843 0.20118814740206514 0.6721429901323986 0.3115453536926009 0.6474479327108056 0.8227271236238701 0.8840291105472855 0.9979414106434397 1.0638607442624366 1.1887882201632665 1.576216705951638
212 2120 -0.3559386630541552 -0.0949784765467843 0.18463582973651013 0.6629121799154938 0.3115453536926009 0.6474479327108056 0.8227271236238701 0.8840291105472855 0.9979414106434397 1.0638607442624366 1.1887882201632665 1.576216705951638
213 2130 -0.3849434521047709 -0.11141458958356218 0.1871163767848194 0.6684734660359277 0.3115453536926009 0.6474479327108056 0.8227271236238701 0.8840291105472855 0.9979414106434397 1.0638607442624366 1.1887882201632665 1.576216705951638
214 2140 -0.3683171014980655 -0.10642649799069642 0.19974734634931146 0.6530153190035892 0.3115453536926009 0.6474479327108056 0.8227271236238701 0.8840291105472855 0.9979414106434397 1.0638607442624366 1.1887882201632665 1.576216705951638
215 2150 -0.38152214343209945 -0.10688363075670211 0.21995493726526794 0.6465052071848304 0.3115453536926009 0.6474479327108056 0.8227271236238701 0.8840291105472855 0.9979414106434397 1.0638607442624366 1.1887882201632665 1.576216705951638
216 2160 -0.37424629918698343 -0.14944009944216025 0.18971932624652488 0.6506836751318134 0.3115453536926009 0.6474479327108056 0.8227271236238701 0.8840291105472855 0.9979414106434397 1.0638607442624366 1.1887882201632665 1.576216705951638
217 2170 -0.39627580468123363 -0.13391554794109228 0.20041238452585425 0.6480293252590438 0.309896869967131 0.7293165775020533 0.8212733763201896 0.8882561926948371 0.899865559421029 1.1260429372676806 1.1771440238892767 1.5637050433733957
218 2180 -0.398715100183359 -0.13332286364633 0.21938894215191612 0.6492029002758571 0.309896869967131 0.7293165775020533 0.8212733763201896 0.8882561926948371 0.899865559421029 1.1260429372676806 1.1771440238892767 1.5637050433733957
219 2190 -0.34989535595522336 -0.16469202708410663 0.20783639421526628 0.6191343167488818 0.309896869967131 0.7293165775020533 0.8212733763201896 0.8882561926948371 0.899865559421029 1.1260429372676806 1.1771440238892767 1.5637050433733957
220 2200 -0.38081119031612626 -0.1669614045170032 0.22106453852524155 0.6110393707552487 0.309896869967131 0.7293165775020533 0.8212733763201896 0.8882561926948371 0.899865559421029 1.1260429372676806 1.1771440238892767 1.5637050433733957
221 2210 -0.3971086699878852 -0.16311982908541645 0.21822509838753457 0.6045102588828773 0.309896869967131 0.7293165775020533 0.8212733763201896 0.8882561926948371 0.899865559421029 1.1260429372676806 1.1771440238892767 1.5637050433733957
222 2220 -0.37383192058679426 -0.17474615980459052 0.2120601838010056 0.6180161743580885 0.309896869967131 0.7293165775020533 0.8212733763201896 0.8882561926948371 0.899865559421029 1.1260429372676806 1.1771440238892767 1.5637050433733957
223 2230 -0.3678404787086595 -0.16079856926667874 0.23525861090779338 0.6373696061178726 0.309896869967131 0.7293165775020533 0.8212733763201896 0.8882561926948371 0.899865559421029 1.1260429372676806 1.1771440238892767 1.5637050433733957
224 2240 -0.3842414026779174 -0.16984795731247582 0.24316794249666274 0.6387375497282811 0.309896869967131 0.7293165775020533 0.8212733763201896 0.8882561926948371 0.899865559421029 1.1260429372676806 1.1771440238892767 1.5637050433733957
225 2250 -0.408713945858679 -0.1822177369908359 0.2611323716881805 0.6211326078642179 0.298026700235793 0.6881858220961675 0.7417538736823309 0.8444241893803884 0.9485317931320343 1.1350969876181904 1.2330882155435121 1.5702436302320961
226 2260 -0.3837177655687159 -0.18006535767189935 0.22989472660142357 0.6052600094862707 0.298026700235793 0.6881858220961675 0.7417538736823309 0.8444241893803884 0.9485317931320343 1.1350969876181904 1.2330882155435121 1.5702436302320961
227 2270 -0.4006788645779169 -0.20090387593598064 0.2574596523889098 0.6222044280802876 0.298026700235793 0.6881858220961675 0.7417538736823309 0.8444241893803884 0.9485317931320343 1.1350969876181904 1.2330882155435121 1.5702436302320961
228 2280 -0.37961484150778346 -0.23144225404541957 0.25878441097472027 0.5976116068143758 0.298026700235793 0.6881858220961675 0.7417538736823309 0.8444241893803884 0.9485317931320343 1.1350969876181904 1.2330882155435121 1.5702436302320961
229 2290 -0.3843338163691717 -0.23121353350992027 0.27279624645029976 0.5901665060104626 0.298026700235793 0.6881858220961675 0.7417538736823309 0.8444241893803884 0.9485317931320343 1.1350969876181904 1.2330882155435121 1.5702436302320961
230 2300 -0.41353065733823835 -0.22758599233799803 0.28514389756507635 0.6010645506592253 0.298026700235793 0.6881858220961675 0.7417538736823309 0.8444241893803884 0.9485317931320343 1.1350969876181904 1.2330882155435121 1.5702436302320961
231 2310 -0.3786001192121381 -0.20680654875904347 0.2744052174787388 0.6101068026771985 0.298026700235793 0.6881858220961675 0.7417538736823309 0.8444241893803884 0.9485317931320343 1.1350969876181904 1.2330882155435121 1.5702436302320961
232 2320 -0.4088517957871596 -0.1846640295038111 0.268986281158727 0.6092776622563479 0.298026700235793 0.6881858220961675 0.7417538736823309 0.8444241893803884 0.9485317931320343 1.1350969876181904 1.2330882155435121 1.5702436302320961
233 2330 -0.3763631810303501 -0.15629440552983123 0.23340545917315042 0.5979332619345834 0.3069403852570187 0.6739450302728858 0.8185047794201389 0.8715288699321245 1.0036441530921012 1.031800551989257 1.1963661423235454 1.5870939289753958
234 2340 -0.3416975815908927 -0.16445291932568334 0.19650837678626948 0.565971186303251 0.3069403852570187 0.6739450302728858 0.8185047794201389 0.8715288699321245 1.0036441530921012 1.031800551989257 1.1963661423235454 1.5870939289753958
235 2350 -0.3675054141268645 -0.11910287393948288 0.20675264483297862 0.567918342024582 0.3069403852570187 0.6739450302728858 0.8185047794201389 0.8715288699321245 1.0036441530921012 1.031800551989257 1.1963661423235454 1.5870939289753958
236 2360 -0.33236733370656446 -0.1046153717412135 0.1995636074548206 0.5724689392468255 0.3069403852570187 0.6739450302728858 0.8185047794201389 0.8715288699321245 1.0036441530921012 1.031800551989257 1.1963661423235454 1.5870939289753958
237 2370 -0.3255219803130843 -0.12462856894076577 0.17972691281010064 0.5519848365449743 0.3069403852570187 0.6739450302728858 0.8185047794201389 0.8715288699321245 1.0036441530921012 1.031800551989257 1.1963661423235454 1.5870939289753958
238 2380 -0.3751789468349374 -0.15825901755505634 0.1971691235141806 0.5774534440010042 0.3069403852570187 0.6739450302728858 0.8185047794201389 0.8715288699321245 1.0036441530921012 1.031800551989257 1.1963661423235454 1.5870939289753958
239 2390 -0.35649675988072516 -0.15820208853870815 0.18533180128008586 0.5475101455219895 0.3069403852570187 0.6739450302728858 0.8185047794201389 0.8715288699321245 1.0036441530921012 1.031800551989257 1.1963661423235454 1.5870939289753958
240 2400 -0.3497950644765466 -0.15635669180357406 0.19358134317578615 0.5320995527409936 0.3069403852570187 0.6739450302728858 0.8185047794201389 0.8715288699321245 1.0036441530921012 1.031800551989257 1.1963661423235454 1.5870939289753958
241 2410 -0.3777365096612428 -0.16349907328828409 0.20969160771315404 0.5797396722731218 0.33993302659356744 0.6195072227874361 0.7988242799039904 0.8592281671139054 1.0432746627400806 1.0855035868368041 1.192950252463911 1.5602540502156628
242 2420 -0.3574480613350491 -0.19876788179364313 0.20784858655704513 0.587640107869016 0.33993302659356744 0.6195072227874361 0.7988242799039904 0.8592281671139054 1.0432746627400806 1.0855035868368041 1.192950252463911 1.5602540502156628
243 2430 -0.330537625075426 -0.20124212855672224 0.2132343921535289 0.6104556415058214 0.33993302659356744 0.6195072227874361 0.7988242799039904 0.8592281671139054 1.0432746627400806 1.0855035868368041 1.192950252463911 1.5602540502156628
244 2440 -0.33447720968537725 -0.18628321158978667 0.25024585386724796 0.6264806602446809 0.33993302659356744 0.6195072227874361 0.7988242799039904 0.8592281671139054 1.0432746627400806 1.0855035868368041 1.192950252463911 1.5602540502156628
245 2450 -0.3069912282811898 -0.1889259798121527 0.25736282756894174 0.6217615500851428 0.33993302659356744 0.6195072227874361 0.7988242799039904 0.8592281671139054 1.0432746627400806 1.0855035868368041 1.192950252463911 1.5602540502156628
246 2460 -0.3365477785572617 -0.1942731011853585 0.2719952248594932 0.6269543328523808 0.33993302659356744 0.6195072227874361 0.7988242799039904 0.8592281671139054 1.0432746627400806 1.0855035868368041 1.192950252463911 1.5602540502156628
247 2470 -0.3255482155875382 -0.15881362893591378 0.21893082971001626 0.5709407690994567 0.33993302659356744 0.6195072227874361 0.7988242799039904 0.8592281671139054 1.0432746627400806 1.0855035868368041 1.192950252463911 1.5602540502156628
248 2480 -0.3471300174949211 -0.13182856548420038 0.22754563980384618 0.5942011088805118 0.33993302659356744 0.6195072227874361 0.7988242799039904 0.8592281671139054 1.0432746627400806 1.0855035868368041 1.192950252463911 1.5602540502156628
249 2490 -0.37990234685046304 -0.12265566312712214 0.19879287001082557 0.6302398467529626 0.34605849947235323 0.6034084268115785 0.8089635634249277 0.8640763135013769 0.9541132744270638 1.1786384825507892 1.2270867369063962 1.5198122219581218
250 2500 -0.4011400604784334 -0.13649332266261194 0.23455144715549803 0.5962151914392528 0.34605849947235323 0.6034084268115785 0.8089635634249277 0.8640763135013769 0.9541132744270638 1.1786384825507892 1.2270867369063962 1.5198122219581218
251 2510 -0.38318118643704524 -0.11949005206169241 0.21930129992722708 0.5821088710874004 0.34605849947235323 0.6034084268115785 0.8089635634249277 0.8640763135013769 0.9541132744270638 1.1786384825507892 1.2270867369063962 1.5198122219581218
252 2520 -0.3790848093936382 -0.12114211651714729 0.2090605692445497 0.5506465943488164 0.34605849947235323 0.6034084268115785 0.8089635634249277 0.8640763135013769 0.9541132744270638 1.1786384825507892 1.2270867369063962 1.5198122219581218
253 2530 -0.35423834204442634 -0.11046498280964318 0.2158558339942172 0.5741725606148812 0.34605849947235323 0.6034084268115785 0.8089635634249277 0.8640763135013769 0.9541132744270638 1.1786384825507892 1.2270867369063962 1.5198122219581218
254 2540 -0.34697373956602734 -0.11004337828115274 0.2201697112487391 0.5843599157178678 0.34605849947235323 0.6034084268115785 0.8089635634249277 0.8640763135013769 0.9541132744270638 1.1786384825507892 1.2270867369063962 1.5198122219581218
255 2550 -0.35205282838030993 -0.12332041755397011 0.2315958590849002 0.6020144864718237 0.34605849947235323 0.6034084268115785 0.8089635634249277 0.8640763135013769 0.9541132744270638 1.1786384825507892 1.2270867369063962 1.5198122219581218
256 2560 -0.3803550066292374 -0.1262086918739041 0.2403044073350103 0.5964688705265649 0.34605849947235323 0.6034084268115785 0.8089635634249277 0.8640763135013769 0.9541132744270638 1.1786384825507892 1.2270867369063962 1.5198122219581218
257 2570 -0.39630448389670886 -0.12729972797743616 0.2035192740348335 0.5767360497020043 0.3338187882304284 0.6046690395022468 0.8184314608985376 0.8644055055436209 0.9679890390296044 1.1847112838503027 1.2583630524216378 1.4771229663185026
258 2580 -0.35842158126148305 -0.1264661305716519 0.20249545912651296 0.5804023575187218 0.3338187882304284 0.6046690395022468 0.8184314608985376 0.8644055055436209 0.9679890390296044 1.1847112838503027 1.2583630524216378 1.4771229663185026
259 2590 -0.3681990770449036 -0.14531691850813375 0.1955881436183406 0.590085122855079 0.3338187882304284 0.6046690395022468 0.8184314608985376 0.8644055055436209 0.9679890390296044 1.1847112838503027 1.2583630524216378 1.4771229663185026
260 2600 -0.32389302274465104 -0.167275688226373 0.18480590165057723 0.5647321476899312 0.3338187882304284 0.6046690395022468 0.8184314608985376 0.8644055055436209 0.9679890390296044 1.1847112838503027 1.2583630524216378 1.4771229663185026
261 2610 -0.3175389317828019 -0.1424423016377683 0.18321181007677792 0.5542535361216826 0.3338187882304284 0.6046690395022468 0.8184314608985376 0.8644055055436209 0.9679890390296044 1.1847112838503027 1.2583630524216378 1.4771229663185026
262 2620 -0.32488960072715123 -0.12924387992221054 0.16256335291171042 0.556507339483875 0.3338187882304284 0.6046690395022468 0.8184314608985376 0.8644055055436209 0.9679890390296044 1.1847112838503027 1.2583630524216378 1.4771229663185026
263 2630 -0.2849877093273002 -0.15067763452125454 0.15244960728483914 0.5854654099029338 0.3338187882304284 0.6046690395022468 0.8184314608985376 0.8644055055436209 0.9679890390296044 1.1847112838503027 1.2583630524216378 1.4771229663185026
264 2640 -0.3075416515325677 -0.15265104964544857 0.14777984911487582 0.5903115338191974 0.3338187882304284 0.6046690395022468 0.8184314608985376 0.8644055055436209 0.9679890390296044 1.1847112838503027 1.2583630524216378 1.4771229663185026
265 2650 -0.28586893130592617 -0.14068299923586305 0.1573288380685257 0.6045199791713645 0.33060939782694393 0.6351047064711164 0.8653145101515533 0.8960767823009996 0.9804498740270879 1.1961884345839235 1.265812739256939 1.3932645187658306
266 2660 -0.3167783135553403 -0.1339161715693801 0.12057762374507869 0.6106681013352044 0.33060939782694393 0.6351047064711164 0.8653145101515533 0.8960767823009996 0.9804498740270879 1.1961884345839235 1.265812739256939 1.3932645187658306
267 2670 -0.3107809385336748 -0.12818898271731077 0.12103661504641097 0.5919333452128321 0.33060939782694393 0.6351047064711164 0.8653145101515533 0.8960767823009996 0.9804498740270879 1.1961884345839235 1.265812739256939 1.3932645187658306
268 2680 -0.26476840098320836 -0.14740216037544987 0.09811949663706196 0.6102548849208316 0.33060939782694393 0.6351047064711164 0.8653145101515533 0.8960767823009996 0.9804498740270879 1.1961884345839235 1.265812739256939 1.3932645187658306
269 2690 -0.26321053000915945 -0.1603210176946555 0.09723578216058903 0.6029612248585396 0.33060939782694393 0.6351047064711164 0.8653145101515533 0.8960767823009996 0.9804498740270879 1.1961884345839235 1.265812739256939 1.3932645187658306
270 2700 -0.3230876967932427 -0.17195643132496513 0.11110315524496414 0.5887802980958938 0.33060939782694393 0.6351047064711164 0.8653145101515533 0.8960767823009996 0.9804498740270879 1.1961884345839235 1.265812739256939 1.3932645187658306
271 2710 -0.30817823295973484 -0.15231078996607705 0.10159470279051472 0.6089036642040987 0.33060939782694393 0.6351047064711164 0.8653145101515533 0.8960767823009996 0.9804498740270879 1.1961884345839235 1.265812739256939 1.3932645187658306
272 2720 -0.30695511685430654 -0.18039799585876365 0.08744135971671846 0.6208706941257033 0.33060939782694393 0.6351047064711164 0.8653145101515533 0.8960767823009996 0.9804498740270879 1.1961884345839235 1.265812739256939 1.3932645187658306
