% # columns="iteration, evaluation, min max(neg(.)) min(pos(.)) max correlation, correlation matrix principal axes lengths  (sorted square roots of eigenvalues of correlation matrix)", seed=345429, Mon Jun 30 02:09:12 2025
1 10 -0.1414088584502991 -0.03147547431599826 0.0006627974864555971 0.0865006070384113 0.8598566128481886 0.9668000679557981 0.9843591277628958 0.9933787956962122 1.004751876107046 1.0173173194625338 1.0520348664650656 1.1040569226791204
2 20 -0.1414088584502991 -0.03147547431599826 0.0006627974864555971 0.0865006070384113 0.8598566128481886 0.9668000679557981 0.9843591277628958 0.9933787956962122 1.004751876107046 1.0173173194625338 1.0520348664650656 1.1040569226791204
3 30 -0.1414088584502991 -0.03147547431599826 0.0006627974864555971 0.0865006070384113 0.8598566128481886 0.9668000679557981 0.9843591277628958 0.9933787956962122 1.004751876107046 1.0173173194625338 1.0520348664650656 1.1040569226791204
4 40 -0.1414088584502991 -0.03147547431599826 0.0006627974864555971 0.0865006070384113 0.8598566128481886 0.9668000679557981 0.9843591277628958 0.9933787956962122 1.004751876107046 1.0173173194625338 1.0520348664650656 1.1040569226791204
5 50 -0.1414088584502991 -0.03147547431599826 0.0006627974864555971 0.0865006070384113 0.8598566128481886 0.9668000679557981 0.9843591277628958 0.9933787956962122 1.004751876107046 1.0173173194625338 1.0520348664650656 1.1040569226791204
6 60 -0.1414088584502991 -0.03147547431599826 0.0006627974864555971 0.0865006070384113 0.8598566128481886 0.9668000679557981 0.9843591277628958 0.9933787956962122 1.004751876107046 1.0173173194625338 1.0520348664650656 1.1040569226791204
7 70 -0.1414088584502991 -0.03147547431599826 0.0006627974864555971 0.0865006070384113 0.8598566128481886 0.9668000679557981 0.9843591277628958 0.9933787956962122 1.004751876107046 1.0173173194625338 1.0520348664650656 1.1040569226791204
8 80 -0.1414088584502991 -0.03147547431599826 0.0006627974864555971 0.0865006070384113 0.8598566128481886 0.9668000679557981 0.9843591277628958 0.9933787956962122 1.004751876107046 1.0173173194625338 1.0520348664650656 1.1040569226791204
9 90 -0.19054946112423055 -0.09267866346084064 0.045867029684695255 0.32508665764266 0.7114729321065436 0.8502442229451375 0.9426596086379654 0.9661729893432355 1.0080826961398337 1.0936922691380726 1.117798349447774 1.2193961592842177
10 100 -0.19054946112423055 -0.09267866346084064 0.045867029684695255 0.32508665764266 0.7114729321065436 0.8502442229451375 0.9426596086379654 0.9661729893432355 1.0080826961398337 1.0936922691380726 1.117798349447774 1.2193961592842177
11 110 -0.19054946112423055 -0.09267866346084064 0.045867029684695255 0.32508665764266 0.7114729321065436 0.8502442229451375 0.9426596086379654 0.9661729893432355 1.0080826961398337 1.0936922691380726 1.117798349447774 1.2193961592842177
12 120 -0.19054946112423055 -0.09267866346084064 0.045867029684695255 0.32508665764266 0.7114729321065436 0.8502442229451375 0.9426596086379654 0.9661729893432355 1.0080826961398337 1.0936922691380726 1.117798349447774 1.2193961592842177
13 130 -0.19054946112423055 -0.09267866346084064 0.045867029684695255 0.32508665764266 0.7114729321065436 0.8502442229451375 0.9426596086379654 0.9661729893432355 1.0080826961398337 1.0936922691380726 1.117798349447774 1.2193961592842177
14 140 -0.19054946112423055 -0.09267866346084064 0.045867029684695255 0.32508665764266 0.7114729321065436 0.8502442229451375 0.9426596086379654 0.9661729893432355 1.0080826961398337 1.0936922691380726 1.117798349447774 1.2193961592842177
15 150 -0.19054946112423055 -0.09267866346084064 0.045867029684695255 0.32508665764266 0.7114729321065436 0.8502442229451375 0.9426596086379654 0.9661729893432355 1.0080826961398337 1.0936922691380726 1.117798349447774 1.2193961592842177
16 160 -0.19054946112423055 -0.09267866346084064 0.045867029684695255 0.32508665764266 0.7114729321065436 0.8502442229451375 0.9426596086379654 0.9661729893432355 1.0080826961398337 1.0936922691380726 1.117798349447774 1.2193961592842177
17 170 -0.27350044568721776 -0.12366122603499259 0.04323745001135601 0.1732004661828822 0.624266220555682 0.837150968217301 0.9375978132528369 1.0095833406012473 1.0587814203047412 1.0972250395932361 1.1301006310092807 1.1870439930977303
18 180 -0.27350044568721776 -0.12366122603499259 0.04323745001135601 0.1732004661828822 0.624266220555682 0.837150968217301 0.9375978132528369 1.0095833406012473 1.0587814203047412 1.0972250395932361 1.1301006310092807 1.1870439930977303
19 190 -0.27350044568721776 -0.12366122603499259 0.04323745001135601 0.1732004661828822 0.624266220555682 0.837150968217301 0.9375978132528369 1.0095833406012473 1.0587814203047412 1.0972250395932361 1.1301006310092807 1.1870439930977303
20 200 -0.27350044568721776 -0.12366122603499259 0.04323745001135601 0.1732004661828822 0.624266220555682 0.837150968217301 0.9375978132528369 1.0095833406012473 1.0587814203047412 1.0972250395932361 1.1301006310092807 1.1870439930977303
21 210 -0.27350044568721776 -0.12366122603499259 0.04323745001135601 0.1732004661828822 0.624266220555682 0.837150968217301 0.9375978132528369 1.0095833406012473 1.0587814203047412 1.0972250395932361 1.1301006310092807 1.1870439930977303
22 220 -0.27350044568721776 -0.12366122603499259 0.04323745001135601 0.1732004661828822 0.624266220555682 0.837150968217301 0.9375978132528369 1.0095833406012473 1.0587814203047412 1.0972250395932361 1.1301006310092807 1.1870439930977303
23 230 -0.27350044568721776 -0.12366122603499259 0.04323745001135601 0.1732004661828822 0.624266220555682 0.837150968217301 0.9375978132528369 1.0095833406012473 1.0587814203047412 1.0972250395932361 1.1301006310092807 1.1870439930977303
24 240 -0.27350044568721776 -0.12366122603499259 0.04323745001135601 0.1732004661828822 0.624266220555682 0.837150968217301 0.9375978132528369 1.0095833406012473 1.0587814203047412 1.0972250395932361 1.1301006310092807 1.1870439930977303
25 250 -0.4504900192819269 -0.1554761798570225 0.03610665992049486 0.29893989563443274 0.4700182568725433 0.7779278795932942 0.8530773498853061 0.9836375340221031 1.0167298003954839 1.12288876083189 1.2188437064810926 1.3032377573145164
26 260 -0.4504900192819269 -0.1554761798570225 0.03610665992049486 0.29893989563443274 0.4700182568725433 0.7779278795932942 0.8530773498853061 0.9836375340221031 1.0167298003954839 1.12288876083189 1.2188437064810926 1.3032377573145164
27 270 -0.4504900192819269 -0.1554761798570225 0.03610665992049486 0.29893989563443274 0.4700182568725433 0.7779278795932942 0.8530773498853061 0.9836375340221031 1.0167298003954839 1.12288876083189 1.2188437064810926 1.3032377573145164
28 280 -0.4504900192819269 -0.1554761798570225 0.03610665992049486 0.29893989563443274 0.4700182568725433 0.7779278795932942 0.8530773498853061 0.9836375340221031 1.0167298003954839 1.12288876083189 1.2188437064810926 1.3032377573145164
29 290 -0.4504900192819269 -0.1554761798570225 0.03610665992049486 0.29893989563443274 0.4700182568725433 0.7779278795932942 0.8530773498853061 0.9836375340221031 1.0167298003954839 1.12288876083189 1.2188437064810926 1.3032377573145164
30 300 -0.4504900192819269 -0.1554761798570225 0.03610665992049486 0.29893989563443274 0.4700182568725433 0.7779278795932942 0.8530773498853061 0.9836375340221031 1.0167298003954839 1.12288876083189 1.2188437064810926 1.3032377573145164
31 310 -0.4504900192819269 -0.1554761798570225 0.03610665992049486 0.29893989563443274 0.4700182568725433 0.7779278795932942 0.8530773498853061 0.9836375340221031 1.0167298003954839 1.12288876083189 1.2188437064810926 1.3032377573145164
32 320 -0.4504900192819269 -0.1554761798570225 0.03610665992049486 0.29893989563443274 0.4700182568725433 0.7779278795932942 0.8530773498853061 0.9836375340221031 1.0167298003954839 1.12288876083189 1.2188437064810926 1.3032377573145164
33 330 -0.5447133244486858 -0.19566220581725088 0.08791494712968911 0.3392685423474059 0.41999756979325864 0.6984524324194948 0.8460363956901839 0.8698449104751691 1.0041024497619169 1.1788361298711252 1.1907511978344634 1.43094155158463
34 340 -0.5447133244486858 -0.19566220581725088 0.08791494712968911 0.3392685423474059 0.41999756979325864 0.6984524324194948 0.8460363956901839 0.8698449104751691 1.0041024497619169 1.1788361298711252 1.1907511978344634 1.43094155158463
35 350 -0.5447133244486858 -0.19566220581725088 0.08791494712968911 0.3392685423474059 0.41999756979325864 0.6984524324194948 0.8460363956901839 0.8698449104751691 1.0041024497619169 1.1788361298711252 1.1907511978344634 1.43094155158463
36 360 -0.5447133244486858 -0.19566220581725088 0.08791494712968911 0.3392685423474059 0.41999756979325864 0.6984524324194948 0.8460363956901839 0.8698449104751691 1.0041024497619169 1.1788361298711252 1.1907511978344634 1.43094155158463
37 370 -0.5447133244486858 -0.19566220581725088 0.08791494712968911 0.3392685423474059 0.41999756979325864 0.6984524324194948 0.8460363956901839 0.8698449104751691 1.0041024497619169 1.1788361298711252 1.1907511978344634 1.43094155158463
38 380 -0.5447133244486858 -0.19566220581725088 0.08791494712968911 0.3392685423474059 0.41999756979325864 0.6984524324194948 0.8460363956901839 0.8698449104751691 1.0041024497619169 1.1788361298711252 1.1907511978344634 1.43094155158463
39 390 -0.5447133244486858 -0.19566220581725088 0.08791494712968911 0.3392685423474059 0.41999756979325864 0.6984524324194948 0.8460363956901839 0.8698449104751691 1.0041024497619169 1.1788361298711252 1.1907511978344634 1.43094155158463
40 400 -0.5447133244486858 -0.19566220581725088 0.08791494712968911 0.3392685423474059 0.41999756979325864 0.6984524324194948 0.8460363956901839 0.8698449104751691 1.0041024497619169 1.1788361298711252 1.1907511978344634 1.43094155158463
41 410 -0.551396368971333 -0.22313335322208572 0.13298790386180534 0.29089315247067904 0.3716141955547717 0.6052503527036329 0.7433766091461464 0.9250175461499979 0.9869959618653368 1.1020570463932522 1.284928773150882 1.4991917629805698
42 420 -0.551396368971333 -0.22313335322208572 0.13298790386180534 0.29089315247067904 0.3716141955547717 0.6052503527036329 0.7433766091461464 0.9250175461499979 0.9869959618653368 1.1020570463932522 1.284928773150882 1.4991917629805698
43 430 -0.551396368971333 -0.22313335322208572 0.13298790386180534 0.29089315247067904 0.3716141955547717 0.6052503527036329 0.7433766091461464 0.9250175461499979 0.9869959618653368 1.1020570463932522 1.284928773150882 1.4991917629805698
44 440 -0.551396368971333 -0.22313335322208572 0.13298790386180534 0.29089315247067904 0.3716141955547717 0.6052503527036329 0.7433766091461464 0.9250175461499979 0.9869959618653368 1.1020570463932522 1.284928773150882 1.4991917629805698
45 450 -0.551396368971333 -0.22313335322208572 0.13298790386180534 0.29089315247067904 0.3716141955547717 0.6052503527036329 0.7433766091461464 0.9250175461499979 0.9869959618653368 1.1020570463932522 1.284928773150882 1.4991917629805698
46 460 -0.551396368971333 -0.22313335322208572 0.13298790386180534 0.29089315247067904 0.3716141955547717 0.6052503527036329 0.7433766091461464 0.9250175461499979 0.9869959618653368 1.1020570463932522 1.284928773150882 1.4991917629805698
47 470 -0.551396368971333 -0.22313335322208572 0.13298790386180534 0.29089315247067904 0.3716141955547717 0.6052503527036329 0.7433766091461464 0.9250175461499979 0.9869959618653368 1.1020570463932522 1.284928773150882 1.4991917629805698
48 480 -0.551396368971333 -0.22313335322208572 0.13298790386180534 0.29089315247067904 0.3716141955547717 0.6052503527036329 0.7433766091461464 0.9250175461499979 0.9869959618653368 1.1020570463932522 1.284928773150882 1.4991917629805698
49 490 -0.5652882419351701 -0.27891725651739185 0.15076728359480007 0.3341774333272987 0.3435657898971877 0.6075990593496671 0.6992067144686965 0.8810742031884288 0.9508566888871985 1.1263814864549377 1.282213445862548 1.5590603366857925
50 500 -0.5652882419351701 -0.27891725651739185 0.15076728359480007 0.3341774333272987 0.3435657898971877 0.6075990593496671 0.6992067144686965 0.8810742031884288 0.9508566888871985 1.1263814864549377 1.282213445862548 1.5590603366857925
51 510 -0.5652882419351701 -0.27891725651739185 0.15076728359480007 0.3341774333272987 0.3435657898971877 0.6075990593496671 0.6992067144686965 0.8810742031884288 0.9508566888871985 1.1263814864549377 1.282213445862548 1.5590603366857925
52 520 -0.5652882419351701 -0.27891725651739185 0.15076728359480007 0.3341774333272987 0.3435657898971877 0.6075990593496671 0.6992067144686965 0.8810742031884288 0.9508566888871985 1.1263814864549377 1.282213445862548 1.5590603366857925
53 530 -0.5652882419351701 -0.27891725651739185 0.15076728359480007 0.3341774333272987 0.3435657898971877 0.6075990593496671 0.6992067144686965 0.8810742031884288 0.9508566888871985 1.1263814864549377 1.282213445862548 1.5590603366857925
54 540 -0.5652882419351701 -0.27891725651739185 0.15076728359480007 0.3341774333272987 0.3435657898971877 0.6075990593496671 0.6992067144686965 0.8810742031884288 0.9508566888871985 1.1263814864549377 1.282213445862548 1.5590603366857925
55 550 -0.5652882419351701 -0.27891725651739185 0.15076728359480007 0.3341774333272987 0.3435657898971877 0.6075990593496671 0.6992067144686965 0.8810742031884288 0.9508566888871985 1.1263814864549377 1.282213445862548 1.5590603366857925
56 560 -0.5652882419351701 -0.27891725651739185 0.15076728359480007 0.3341774333272987 0.3435657898971877 0.6075990593496671 0.6992067144686965 0.8810742031884288 0.9508566888871985 1.1263814864549377 1.282213445862548 1.5590603366857925
57 570 -0.5271715903068422 -0.23927500349338904 0.11544068139309702 0.256336542714371 0.34782638287761786 0.6441159554855936 0.7679410806786973 0.8868126180778582 1.0344766882221388 1.1231398659730214 1.297598956151047 1.4396572829218268
58 580 -0.5271715903068422 -0.23927500349338904 0.11544068139309702 0.256336542714371 0.34782638287761786 0.6441159554855936 0.7679410806786973 0.8868126180778582 1.0344766882221388 1.1231398659730214 1.297598956151047 1.4396572829218268
59 590 -0.5271715903068422 -0.23927500349338904 0.11544068139309702 0.256336542714371 0.34782638287761786 0.6441159554855936 0.7679410806786973 0.8868126180778582 1.0344766882221388 1.1231398659730214 1.297598956151047 1.4396572829218268
60 600 -0.5271715903068422 -0.23927500349338904 0.11544068139309702 0.256336542714371 0.34782638287761786 0.6441159554855936 0.7679410806786973 0.8868126180778582 1.0344766882221388 1.1231398659730214 1.297598956151047 1.4396572829218268
61 610 -0.5271715903068422 -0.23927500349338904 0.11544068139309702 0.256336542714371 0.34782638287761786 0.6441159554855936 0.7679410806786973 0.8868126180778582 1.0344766882221388 1.1231398659730214 1.297598956151047 1.4396572829218268
62 620 -0.5271715903068422 -0.23927500349338904 0.11544068139309702 0.256336542714371 0.34782638287761786 0.6441159554855936 0.7679410806786973 0.8868126180778582 1.0344766882221388 1.1231398659730214 1.297598956151047 1.4396572829218268
63 630 -0.5271715903068422 -0.23927500349338904 0.11544068139309702 0.256336542714371 0.34782638287761786 0.6441159554855936 0.7679410806786973 0.8868126180778582 1.0344766882221388 1.1231398659730214 1.297598956151047 1.4396572829218268
64 640 -0.5271715903068422 -0.23927500349338904 0.11544068139309702 0.256336542714371 0.34782638287761786 0.6441159554855936 0.7679410806786973 0.8868126180778582 1.0344766882221388 1.1231398659730214 1.297598956151047 1.4396572829218268
65 650 -0.6195316502983013 -0.21353650347756645 0.06668038775728477 0.22133787544057373 0.3321892405193826 0.7100551746367435 0.7796748402631914 0.9205327080795717 1.0618070511852309 1.1111898058746454 1.2610029346603904 1.4063759221568288
66 660 -0.6195316502983013 -0.21353650347756645 0.06668038775728477 0.22133787544057373 0.3321892405193826 0.7100551746367435 0.7796748402631914 0.9205327080795717 1.0618070511852309 1.1111898058746454 1.2610029346603904 1.4063759221568288
67 670 -0.6195316502983013 -0.21353650347756645 0.06668038775728477 0.22133787544057373 0.3321892405193826 0.7100551746367435 0.7796748402631914 0.9205327080795717 1.0618070511852309 1.1111898058746454 1.2610029346603904 1.4063759221568288
68 680 -0.6195316502983013 -0.21353650347756645 0.06668038775728477 0.22133787544057373 0.3321892405193826 0.7100551746367435 0.7796748402631914 0.9205327080795717 1.0618070511852309 1.1111898058746454 1.2610029346603904 1.4063759221568288
69 690 -0.6195316502983013 -0.21353650347756645 0.06668038775728477 0.22133787544057373 0.3321892405193826 0.7100551746367435 0.7796748402631914 0.9205327080795717 1.0618070511852309 1.1111898058746454 1.2610029346603904 1.4063759221568288
70 700 -0.6195316502983013 -0.21353650347756645 0.06668038775728477 0.22133787544057373 0.3321892405193826 0.7100551746367435 0.7796748402631914 0.9205327080795717 1.0618070511852309 1.1111898058746454 1.2610029346603904 1.4063759221568288
71 710 -0.6195316502983013 -0.21353650347756645 0.06668038775728477 0.22133787544057373 0.3321892405193826 0.7100551746367435 0.7796748402631914 0.9205327080795717 1.0618070511852309 1.1111898058746454 1.2610029346603904 1.4063759221568288
72 720 -0.6195316502983013 -0.21353650347756645 0.06668038775728477 0.22133787544057373 0.3321892405193826 0.7100551746367435 0.7796748402631914 0.9205327080795717 1.0618070511852309 1.1111898058746454 1.2610029346603904 1.4063759221568288
73 730 -0.6749989802789615 -0.261677556817937 0.09938813559093998 0.2930244350780702 0.29411626350262976 0.6054976263199552 0.7827697313501951 0.810258948539638 1.0692373252767233 1.1819541185365667 1.2431767517497214 1.480489040782157
74 740 -0.6749989802789615 -0.261677556817937 0.09938813559093998 0.2930244350780702 0.29411626350262976 0.6054976263199552 0.7827697313501951 0.810258948539638 1.0692373252767233 1.1819541185365667 1.2431767517497214 1.480489040782157
75 750 -0.6749989802789615 -0.261677556817937 0.09938813559093998 0.2930244350780702 0.29411626350262976 0.6054976263199552 0.7827697313501951 0.810258948539638 1.0692373252767233 1.1819541185365667 1.2431767517497214 1.480489040782157
76 760 -0.6749989802789615 -0.261677556817937 0.09938813559093998 0.2930244350780702 0.29411626350262976 0.6054976263199552 0.7827697313501951 0.810258948539638 1.0692373252767233 1.1819541185365667 1.2431767517497214 1.480489040782157
77 770 -0.6749989802789615 -0.261677556817937 0.09938813559093998 0.2930244350780702 0.29411626350262976 0.6054976263199552 0.7827697313501951 0.810258948539638 1.0692373252767233 1.1819541185365667 1.2431767517497214 1.480489040782157
78 780 -0.6749989802789615 -0.261677556817937 0.09938813559093998 0.2930244350780702 0.29411626350262976 0.6054976263199552 0.7827697313501951 0.810258948539638 1.0692373252767233 1.1819541185365667 1.2431767517497214 1.480489040782157
79 790 -0.6749989802789615 -0.261677556817937 0.09938813559093998 0.2930244350780702 0.29411626350262976 0.6054976263199552 0.7827697313501951 0.810258948539638 1.0692373252767233 1.1819541185365667 1.2431767517497214 1.480489040782157
80 800 -0.6749989802789615 -0.261677556817937 0.09938813559093998 0.2930244350780702 0.29411626350262976 0.6054976263199552 0.7827697313501951 0.810258948539638 1.0692373252767233 1.1819541185365667 1.2431767517497214 1.480489040782157
81 810 -0.7725679075548664 -0.24888164167695753 0.08484196920218914 0.23966009421899906 0.27611867027327147 0.5461855564985649 0.7040587046570834 0.7927670647079655 1.0103859040896281 1.1988832705461059 1.3641879607964995 1.4771770291164579
82 820 -0.7725679075548664 -0.24888164167695753 0.08484196920218914 0.23966009421899906 0.27611867027327147 0.5461855564985649 0.7040587046570834 0.7927670647079655 1.0103859040896281 1.1988832705461059 1.3641879607964995 1.4771770291164579
83 830 -0.7725679075548664 -0.24888164167695753 0.08484196920218914 0.23966009421899906 0.27611867027327147 0.5461855564985649 0.7040587046570834 0.7927670647079655 1.0103859040896281 1.1988832705461059 1.3641879607964995 1.4771770291164579
84 840 -0.7725679075548664 -0.24888164167695753 0.08484196920218914 0.23966009421899906 0.27611867027327147 0.5461855564985649 0.7040587046570834 0.7927670647079655 1.0103859040896281 1.1988832705461059 1.3641879607964995 1.4771770291164579
85 850 -0.7725679075548664 -0.24888164167695753 0.08484196920218914 0.23966009421899906 0.27611867027327147 0.5461855564985649 0.7040587046570834 0.7927670647079655 1.0103859040896281 1.1988832705461059 1.3641879607964995 1.4771770291164579
86 860 -0.7725679075548664 -0.24888164167695753 0.08484196920218914 0.23966009421899906 0.27611867027327147 0.5461855564985649 0.7040587046570834 0.7927670647079655 1.0103859040896281 1.1988832705461059 1.3641879607964995 1.4771770291164579
87 870 -0.7725679075548664 -0.24888164167695753 0.08484196920218914 0.23966009421899906 0.27611867027327147 0.5461855564985649 0.7040587046570834 0.7927670647079655 1.0103859040896281 1.1988832705461059 1.3641879607964995 1.4771770291164579
88 880 -0.7725679075548664 -0.24888164167695753 0.08484196920218914 0.23966009421899906 0.27611867027327147 0.5461855564985649 0.7040587046570834 0.7927670647079655 1.0103859040896281 1.1988832705461059 1.3641879607964995 1.4771770291164579
89 890 -0.78766356437214 -0.22744023240499678 0.15632767759689117 0.3891280943159584 0.29059975034132784 0.5687335316495562 0.6631012241549958 0.7282702974949822 0.9278210793626599 1.1227163479598958 1.4086373926593974 1.5863195888928983
90 900 -0.78766356437214 -0.22744023240499678 0.15632767759689117 0.3891280943159584 0.29059975034132784 0.5687335316495562 0.6631012241549958 0.7282702974949822 0.9278210793626599 1.1227163479598958 1.4086373926593974 1.5863195888928983
91 910 -0.78766356437214 -0.22744023240499678 0.15632767759689117 0.3891280943159584 0.29059975034132784 0.5687335316495562 0.6631012241549958 0.7282702974949822 0.9278210793626599 1.1227163479598958 1.4086373926593974 1.5863195888928983
92 920 -0.78766356437214 -0.22744023240499678 0.15632767759689117 0.3891280943159584 0.29059975034132784 0.5687335316495562 0.6631012241549958 0.7282702974949822 0.9278210793626599 1.1227163479598958 1.4086373926593974 1.5863195888928983
93 930 -0.78766356437214 -0.22744023240499678 0.15632767759689117 0.3891280943159584 0.29059975034132784 0.5687335316495562 0.6631012241549958 0.7282702974949822 0.9278210793626599 1.1227163479598958 1.4086373926593974 1.5863195888928983
94 940 -0.78766356437214 -0.22744023240499678 0.15632767759689117 0.3891280943159584 0.29059975034132784 0.5687335316495562 0.6631012241549958 0.7282702974949822 0.9278210793626599 1.1227163479598958 1.4086373926593974 1.5863195888928983
95 950 -0.78766356437214 -0.22744023240499678 0.15632767759689117 0.3891280943159584 0.29059975034132784 0.5687335316495562 0.6631012241549958 0.7282702974949822 0.9278210793626599 1.1227163479598958 1.4086373926593974 1.5863195888928983
96 960 -0.78766356437214 -0.22744023240499678 0.15632767759689117 0.3891280943159584 0.29059975034132784 0.5687335316495562 0.6631012241549958 0.7282702974949822 0.9278210793626599 1.1227163479598958 1.4086373926593974 1.5863195888928983
97 970 -0.8011025079165184 -0.1777323771086717 0.10211102278932806 0.3157703153870941 0.3316153812373061 0.65532266385189 0.7290211260918197 0.8435947262760948 1.012303529828871 1.0720580846818906 1.2856811398984103 1.5460972200200112
98 980 -0.8011025079165184 -0.1777323771086717 0.10211102278932806 0.3157703153870941 0.3316153812373061 0.65532266385189 0.7290211260918197 0.8435947262760948 1.012303529828871 1.0720580846818906 1.2856811398984103 1.5460972200200112
99 990 -0.8011025079165184 -0.1777323771086717 0.10211102278932806 0.3157703153870941 0.3316153812373061 0.65532266385189 0.7290211260918197 0.8435947262760948 1.012303529828871 1.0720580846818906 1.2856811398984103 1.5460972200200112
100 1000 -0.8011025079165184 -0.1777323771086717 0.10211102278932806 0.3157703153870941 0.3316153812373061 0.65532266385189 0.7290211260918197 0.8435947262760948 1.012303529828871 1.0720580846818906 1.2856811398984103 1.5460972200200112
101 1010 -0.8011025079165184 -0.1777323771086717 0.10211102278932806 0.3157703153870941 0.3316153812373061 0.65532266385189 0.7290211260918197 0.8435947262760948 1.012303529828871 1.0720580846818906 1.2856811398984103 1.5460972200200112
102 1020 -0.8011025079165184 -0.1777323771086717 0.10211102278932806 0.3157703153870941 0.3316153812373061 0.65532266385189 0.7290211260918197 0.8435947262760948 1.012303529828871 1.0720580846818906 1.2856811398984103 1.5460972200200112
103 1030 -0.8011025079165184 -0.1777323771086717 0.10211102278932806 0.3157703153870941 0.3316153812373061 0.65532266385189 0.7290211260918197 0.8435947262760948 1.012303529828871 1.0720580846818906 1.2856811398984103 1.5460972200200112
104 1040 -0.8011025079165184 -0.1777323771086717 0.10211102278932806 0.3157703153870941 0.3316153812373061 0.65532266385189 0.7290211260918197 0.8435947262760948 1.012303529828871 1.0720580846818906 1.2856811398984103 1.5460972200200112
105 1050 -0.8379099576057275 -0.11990798237790504 0.05178875312451656 0.4881894615316238 0.3185047000208075 0.5565291779126604 0.7055982659646154 0.8562360188937885 1.0020811333067168 1.098899875253853 1.3273194875539198 1.5441167189077871
106 1060 -0.8379099576057275 -0.11990798237790504 0.05178875312451656 0.4881894615316238 0.3185047000208075 0.5565291779126604 0.7055982659646154 0.8562360188937885 1.0020811333067168 1.098899875253853 1.3273194875539198 1.5441167189077871
107 1070 -0.8379099576057275 -0.11990798237790504 0.05178875312451656 0.4881894615316238 0.3185047000208075 0.5565291779126604 0.7055982659646154 0.8562360188937885 1.0020811333067168 1.098899875253853 1.3273194875539198 1.5441167189077871
108 1080 -0.8379099576057275 -0.11990798237790504 0.05178875312451656 0.4881894615316238 0.3185047000208075 0.5565291779126604 0.7055982659646154 0.8562360188937885 1.0020811333067168 1.098899875253853 1.3273194875539198 1.5441167189077871
109 1090 -0.8379099576057275 -0.11990798237790504 0.05178875312451656 0.4881894615316238 0.3185047000208075 0.5565291779126604 0.7055982659646154 0.8562360188937885 1.0020811333067168 1.098899875253853 1.3273194875539198 1.5441167189077871
110 1100 -0.8379099576057275 -0.11990798237790504 0.05178875312451656 0.4881894615316238 0.3185047000208075 0.5565291779126604 0.7055982659646154 0.8562360188937885 1.0020811333067168 1.098899875253853 1.3273194875539198 1.5441167189077871
111 1110 -0.8379099576057275 -0.11990798237790504 0.05178875312451656 0.4881894615316238 0.3185047000208075 0.5565291779126604 0.7055982659646154 0.8562360188937885 1.0020811333067168 1.098899875253853 1.3273194875539198 1.5441167189077871
112 1120 -0.8379099576057275 -0.11990798237790504 0.05178875312451656 0.4881894615316238 0.3185047000208075 0.5565291779126604 0.7055982659646154 0.8562360188937885 1.0020811333067168 1.098899875253853 1.3273194875539198 1.5441167189077871
113 1130 -0.9019551533997642 -0.1854402733006949 0.10479067419387507 0.557726579596676 0.2582928950243903 0.5585140704258763 0.6866264537222457 0.8168916827325551 0.9205654902347367 1.0791665427197834 1.4005320036605624 1.583997400008303
114 1140 -0.9019551533997642 -0.1854402733006949 0.10479067419387507 0.557726579596676 0.2582928950243903 0.5585140704258763 0.6866264537222457 0.8168916827325551 0.9205654902347367 1.0791665427197834 1.4005320036605624 1.583997400008303
115 1150 -0.9019551533997642 -0.1854402733006949 0.10479067419387507 0.557726579596676 0.2582928950243903 0.5585140704258763 0.6866264537222457 0.8168916827325551 0.9205654902347367 1.0791665427197834 1.4005320036605624 1.583997400008303
116 1160 -0.9019551533997642 -0.1854402733006949 0.10479067419387507 0.557726579596676 0.2582928950243903 0.5585140704258763 0.6866264537222457 0.8168916827325551 0.9205654902347367 1.0791665427197834 1.4005320036605624 1.583997400008303
117 1170 -0.9019551533997642 -0.1854402733006949 0.10479067419387507 0.557726579596676 0.2582928950243903 0.5585140704258763 0.6866264537222457 0.8168916827325551 0.9205654902347367 1.0791665427197834 1.4005320036605624 1.583997400008303
118 1180 -0.9019551533997642 -0.1854402733006949 0.10479067419387507 0.557726579596676 0.2582928950243903 0.5585140704258763 0.6866264537222457 0.8168916827325551 0.9205654902347367 1.0791665427197834 1.4005320036605624 1.583997400008303
119 1190 -0.9019551533997642 -0.1854402733006949 0.10479067419387507 0.557726579596676 0.2582928950243903 0.5585140704258763 0.6866264537222457 0.8168916827325551 0.9205654902347367 1.0791665427197834 1.4005320036605624 1.583997400008303
120 1200 -0.9019551533997642 -0.1854402733006949 0.10479067419387507 0.557726579596676 0.2582928950243903 0.5585140704258763 0.6866264537222457 0.8168916827325551 0.9205654902347367 1.0791665427197834 1.4005320036605624 1.583997400008303
121 1210 -0.906278211602747 -0.16071465664162782 0.09347956284654964 0.6374012536042324 0.26864788316820937 0.4863986117637543 0.6190789777385856 0.7299921341586614 0.936737152630366 1.1448506260838207 1.3868836093332104 1.6320207761338368
122 1220 -0.906278211602747 -0.16071465664162782 0.09347956284654964 0.6374012536042324 0.26864788316820937 0.4863986117637543 0.6190789777385856 0.7299921341586614 0.936737152630366 1.1448506260838207 1.3868836093332104 1.6320207761338368
123 1230 -0.906278211602747 -0.16071465664162782 0.09347956284654964 0.6374012536042324 0.26864788316820937 0.4863986117637543 0.6190789777385856 0.7299921341586614 0.936737152630366 1.1448506260838207 1.3868836093332104 1.6320207761338368
124 1240 -0.906278211602747 -0.16071465664162782 0.09347956284654964 0.6374012536042324 0.26864788316820937 0.4863986117637543 0.6190789777385856 0.7299921341586614 0.936737152630366 1.1448506260838207 1.3868836093332104 1.6320207761338368
125 1250 -0.906278211602747 -0.16071465664162782 0.09347956284654964 0.6374012536042324 0.26864788316820937 0.4863986117637543 0.6190789777385856 0.7299921341586614 0.936737152630366 1.1448506260838207 1.3868836093332104 1.6320207761338368
126 1260 -0.906278211602747 -0.16071465664162782 0.09347956284654964 0.6374012536042324 0.26864788316820937 0.4863986117637543 0.6190789777385856 0.7299921341586614 0.936737152630366 1.1448506260838207 1.3868836093332104 1.6320207761338368
127 1270 -0.906278211602747 -0.16071465664162782 0.09347956284654964 0.6374012536042324 0.26864788316820937 0.4863986117637543 0.6190789777385856 0.7299921341586614 0.936737152630366 1.1448506260838207 1.3868836093332104 1.6320207761338368
128 1280 -0.906278211602747 -0.16071465664162782 0.09347956284654964 0.6374012536042324 0.26864788316820937 0.4863986117637543 0.6190789777385856 0.7299921341586614 0.936737152630366 1.1448506260838207 1.3868836093332104 1.6320207761338368
129 1290 -0.8989979493900253 -0.20679483035551427 0.11773618539353724 0.727703232368002 0.28192970877311463 0.4742610986982117 0.6425353185631185 0.7289411005342337 0.8330697689129313 1.14654457092029 1.371658194525903 1.691558272815367
130 1300 -0.8989979493900253 -0.20679483035551427 0.11773618539353724 0.727703232368002 0.28192970877311463 0.4742610986982117 0.6425353185631185 0.7289411005342337 0.8330697689129313 1.14654457092029 1.371658194525903 1.691558272815367
131 1310 -0.8989979493900253 -0.20679483035551427 0.11773618539353724 0.727703232368002 0.28192970877311463 0.4742610986982117 0.6425353185631185 0.7289411005342337 0.8330697689129313 1.14654457092029 1.371658194525903 1.691558272815367
132 1320 -0.8989979493900253 -0.20679483035551427 0.11773618539353724 0.727703232368002 0.28192970877311463 0.4742610986982117 0.6425353185631185 0.7289411005342337 0.8330697689129313 1.14654457092029 1.371658194525903 1.691558272815367
133 1330 -0.8989979493900253 -0.20679483035551427 0.11773618539353724 0.727703232368002 0.28192970877311463 0.4742610986982117 0.6425353185631185 0.7289411005342337 0.8330697689129313 1.14654457092029 1.371658194525903 1.691558272815367
134 1340 -0.8989979493900253 -0.20679483035551427 0.11773618539353724 0.727703232368002 0.28192970877311463 0.4742610986982117 0.6425353185631185 0.7289411005342337 0.8330697689129313 1.14654457092029 1.371658194525903 1.691558272815367
135 1350 -0.8989979493900253 -0.20679483035551427 0.11773618539353724 0.727703232368002 0.28192970877311463 0.4742610986982117 0.6425353185631185 0.7289411005342337 0.8330697689129313 1.14654457092029 1.371658194525903 1.691558272815367
136 1360 -0.8989979493900253 -0.20679483035551427 0.11773618539353724 0.727703232368002 0.28192970877311463 0.4742610986982117 0.6425353185631185 0.7289411005342337 0.8330697689129313 1.14654457092029 1.371658194525903 1.691558272815367
137 1370 -0.8635394671695175 -0.20831968627153855 0.07511599914915043 0.7103174829214878 0.3298446809535949 0.47813557617672603 0.690680052945041 0.7919522205951608 0.8446694630856248 1.1135968723078415 1.3944187291156338 1.6310712780278416
138 1380 -0.8635394671695175 -0.20831968627153855 0.07511599914915043 0.7103174829214878 0.3298446809535949 0.47813557617672603 0.690680052945041 0.7919522205951608 0.8446694630856248 1.1135968723078415 1.3944187291156338 1.6310712780278416
139 1390 -0.8635394671695175 -0.20831968627153855 0.07511599914915043 0.7103174829214878 0.3298446809535949 0.47813557617672603 0.690680052945041 0.7919522205951608 0.8446694630856248 1.1135968723078415 1.3944187291156338 1.6310712780278416
140 1400 -0.8635394671695175 -0.20831968627153855 0.07511599914915043 0.7103174829214878 0.3298446809535949 0.47813557617672603 0.690680052945041 0.7919522205951608 0.8446694630856248 1.1135968723078415 1.3944187291156338 1.6310712780278416
141 1410 -0.8635394671695175 -0.20831968627153855 0.07511599914915043 0.7103174829214878 0.3298446809535949 0.47813557617672603 0.690680052945041 0.7919522205951608 0.8446694630856248 1.1135968723078415 1.3944187291156338 1.6310712780278416
142 1420 -0.8635394671695175 -0.20831968627153855 0.07511599914915043 0.7103174829214878 0.3298446809535949 0.47813557617672603 0.690680052945041 0.7919522205951608 0.8446694630856248 1.1135968723078415 1.3944187291156338 1.6310712780278416
143 1430 -0.8635394671695175 -0.20831968627153855 0.07511599914915043 0.7103174829214878 0.3298446809535949 0.47813557617672603 0.690680052945041 0.7919522205951608 0.8446694630856248 1.1135968723078415 1.3944187291156338 1.6310712780278416
144 1440 -0.8635394671695175 -0.20831968627153855 0.07511599914915043 0.7103174829214878 0.3298446809535949 0.47813557617672603 0.690680052945041 0.7919522205951608 0.8446694630856248 1.1135968723078415 1.3944187291156338 1.6310712780278416
145 1450 -0.8237265804066295 -0.1795376605908337 0.0711001465741237 0.6595895152162398 0.36215191294277654 0.5057423779921801 0.6728753501737793 0.8480708839269102 0.8792028901369572 1.18723864863043 1.3030869028650047 1.6001613577303218
146 1460 -0.8237265804066295 -0.1795376605908337 0.0711001465741237 0.6595895152162398 0.36215191294277654 0.5057423779921801 0.6728753501737793 0.8480708839269102 0.8792028901369572 1.18723864863043 1.3030869028650047 1.6001613577303218
147 1470 -0.8237265804066295 -0.1795376605908337 0.0711001465741237 0.6595895152162398 0.36215191294277654 0.5057423779921801 0.6728753501737793 0.8480708839269102 0.8792028901369572 1.18723864863043 1.3030869028650047 1.6001613577303218
148 1480 -0.8237265804066295 -0.1795376605908337 0.0711001465741237 0.6595895152162398 0.36215191294277654 0.5057423779921801 0.6728753501737793 0.8480708839269102 0.8792028901369572 1.18723864863043 1.3030869028650047 1.6001613577303218
149 1490 -0.8237265804066295 -0.1795376605908337 0.0711001465741237 0.6595895152162398 0.36215191294277654 0.5057423779921801 0.6728753501737793 0.8480708839269102 0.8792028901369572 1.18723864863043 1.3030869028650047 1.6001613577303218
150 1500 -0.8237265804066295 -0.1795376605908337 0.0711001465741237 0.6595895152162398 0.36215191294277654 0.5057423779921801 0.6728753501737793 0.8480708839269102 0.8792028901369572 1.18723864863043 1.3030869028650047 1.6001613577303218
151 1510 -0.8237265804066295 -0.1795376605908337 0.0711001465741237 0.6595895152162398 0.36215191294277654 0.5057423779921801 0.6728753501737793 0.8480708839269102 0.8792028901369572 1.18723864863043 1.3030869028650047 1.6001613577303218
152 1520 -0.8237265804066295 -0.1795376605908337 0.0711001465741237 0.6595895152162398 0.36215191294277654 0.5057423779921801 0.6728753501737793 0.8480708839269102 0.8792028901369572 1.18723864863043 1.3030869028650047 1.6001613577303218
153 1530 -0.8509469679697247 -0.15122177156724154 0.05232084561573842 0.7443976811410682 0.3346528777824804 0.4376191187673033 0.6928847662517797 0.9078199182821642 0.943378205656735 1.120863638988872 1.2307211056183238 1.6526640550994405
154 1540 -0.8509469679697247 -0.15122177156724154 0.05232084561573842 0.7443976811410682 0.3346528777824804 0.4376191187673033 0.6928847662517797 0.9078199182821642 0.943378205656735 1.120863638988872 1.2307211056183238 1.6526640550994405
155 1550 -0.8509469679697247 -0.15122177156724154 0.05232084561573842 0.7443976811410682 0.3346528777824804 0.4376191187673033 0.6928847662517797 0.9078199182821642 0.943378205656735 1.120863638988872 1.2307211056183238 1.6526640550994405
156 1560 -0.8509469679697247 -0.15122177156724154 0.05232084561573842 0.7443976811410682 0.3346528777824804 0.4376191187673033 0.6928847662517797 0.9078199182821642 0.943378205656735 1.120863638988872 1.2307211056183238 1.6526640550994405
157 1570 -0.8509469679697247 -0.15122177156724154 0.05232084561573842 0.7443976811410682 0.3346528777824804 0.4376191187673033 0.6928847662517797 0.9078199182821642 0.943378205656735 1.120863638988872 1.2307211056183238 1.6526640550994405
158 1580 -0.8509469679697247 -0.15122177156724154 0.05232084561573842 0.7443976811410682 0.3346528777824804 0.4376191187673033 0.6928847662517797 0.9078199182821642 0.943378205656735 1.120863638988872 1.2307211056183238 1.6526640550994405
159 1590 -0.8509469679697247 -0.15122177156724154 0.05232084561573842 0.7443976811410682 0.3346528777824804 0.4376191187673033 0.6928847662517797 0.9078199182821642 0.943378205656735 1.120863638988872 1.2307211056183238 1.6526640550994405
160 1600 -0.8509469679697247 -0.15122177156724154 0.05232084561573842 0.7443976811410682 0.3346528777824804 0.4376191187673033 0.6928847662517797 0.9078199182821642 0.943378205656735 1.120863638988872 1.2307211056183238 1.6526640550994405
161 1610 -0.8188131540144656 -0.1594084660554465 0.057798675748419355 0.7570956198194762 0.3945180372408116 0.4605906179473578 0.6364367722878209 0.8939551188594889 0.984128385955097 1.0884263177717175 1.2186706345471514 1.6702292167624966
162 1620 -0.8188131540144656 -0.1594084660554465 0.057798675748419355 0.7570956198194762 0.3945180372408116 0.4605906179473578 0.6364367722878209 0.8939551188594889 0.984128385955097 1.0884263177717175 1.2186706345471514 1.6702292167624966
163 1630 -0.8188131540144656 -0.1594084660554465 0.057798675748419355 0.7570956198194762 0.3945180372408116 0.4605906179473578 0.6364367722878209 0.8939551188594889 0.984128385955097 1.0884263177717175 1.2186706345471514 1.6702292167624966
164 1640 -0.8188131540144656 -0.1594084660554465 0.057798675748419355 0.7570956198194762 0.3945180372408116 0.4605906179473578 0.6364367722878209 0.8939551188594889 0.984128385955097 1.0884263177717175 1.2186706345471514 1.6702292167624966
165 1650 -0.8188131540144656 -0.1594084660554465 0.057798675748419355 0.7570956198194762 0.3945180372408116 0.4605906179473578 0.6364367722878209 0.8939551188594889 0.984128385955097 1.0884263177717175 1.2186706345471514 1.6702292167624966
166 1660 -0.8188131540144656 -0.1594084660554465 0.057798675748419355 0.7570956198194762 0.3945180372408116 0.4605906179473578 0.6364367722878209 0.8939551188594889 0.984128385955097 1.0884263177717175 1.2186706345471514 1.6702292167624966
167 1670 -0.8188131540144656 -0.1594084660554465 0.057798675748419355 0.7570956198194762 0.3945180372408116 0.4605906179473578 0.6364367722878209 0.8939551188594889 0.984128385955097 1.0884263177717175 1.2186706345471514 1.6702292167624966
168 1680 -0.8188131540144656 -0.1594084660554465 0.057798675748419355 0.7570956198194762 0.3945180372408116 0.4605906179473578 0.6364367722878209 0.8939551188594889 0.984128385955097 1.0884263177717175 1.2186706345471514 1.6702292167624966
169 1690 -0.8113354979031022 -0.1519169721051956 0.04375207656668285 0.7148097378732439 0.3676815438900835 0.48942812046825224 0.7275666663125879 0.9063251248810931 0.9940675075959348 1.0975416676826864 1.181995087631916 1.6384784411501756
170 1700 -0.8113354979031022 -0.1519169721051956 0.04375207656668285 0.7148097378732439 0.3676815438900835 0.48942812046825224 0.7275666663125879 0.9063251248810931 0.9940675075959348 1.0975416676826864 1.181995087631916 1.6384784411501756
171 1710 -0.8113354979031022 -0.1519169721051956 0.04375207656668285 0.7148097378732439 0.3676815438900835 0.48942812046825224 0.7275666663125879 0.9063251248810931 0.9940675075959348 1.0975416676826864 1.181995087631916 1.6384784411501756
172 1720 -0.8113354979031022 -0.1519169721051956 0.04375207656668285 0.7148097378732439 0.3676815438900835 0.48942812046825224 0.7275666663125879 0.9063251248810931 0.9940675075959348 1.0975416676826864 1.181995087631916 1.6384784411501756
173 1730 -0.8113354979031022 -0.1519169721051956 0.04375207656668285 0.7148097378732439 0.3676815438900835 0.48942812046825224 0.7275666663125879 0.9063251248810931 0.9940675075959348 1.0975416676826864 1.181995087631916 1.6384784411501756
174 1740 -0.8113354979031022 -0.1519169721051956 0.04375207656668285 0.7148097378732439 0.3676815438900835 0.48942812046825224 0.7275666663125879 0.9063251248810931 0.9940675075959348 1.0975416676826864 1.181995087631916 1.6384784411501756
175 1750 -0.8113354979031022 -0.1519169721051956 0.04375207656668285 0.7148097378732439 0.3676815438900835 0.48942812046825224 0.7275666663125879 0.9063251248810931 0.9940675075959348 1.0975416676826864 1.181995087631916 1.6384784411501756
176 1760 -0.8113354979031022 -0.1519169721051956 0.04375207656668285 0.7148097378732439 0.3676815438900835 0.48942812046825224 0.7275666663125879 0.9063251248810931 0.9940675075959348 1.0975416676826864 1.181995087631916 1.6384784411501756
177 1770 -0.8166277541478552 -0.1411572986358176 0.11024473068579238 0.7021260373527487 0.3901437797017011 0.4756373882287886 0.8017146160214247 0.8388255646471903 1.0027267146372054 1.093401619390232 1.1714005754338348 1.64378069673904
178 1780 -0.8166277541478552 -0.1411572986358176 0.11024473068579238 0.7021260373527487 0.3901437797017011 0.4756373882287886 0.8017146160214247 0.8388255646471903 1.0027267146372054 1.093401619390232 1.1714005754338348 1.64378069673904
179 1790 -0.8166277541478552 -0.1411572986358176 0.11024473068579238 0.7021260373527487 0.3901437797017011 0.4756373882287886 0.8017146160214247 0.8388255646471903 1.0027267146372054 1.093401619390232 1.1714005754338348 1.64378069673904
180 1800 -0.8166277541478552 -0.1411572986358176 0.11024473068579238 0.7021260373527487 0.3901437797017011 0.4756373882287886 0.8017146160214247 0.8388255646471903 1.0027267146372054 1.093401619390232 1.1714005754338348 1.64378069673904
181 1810 -0.8166277541478552 -0.1411572986358176 0.11024473068579238 0.7021260373527487 0.3901437797017011 0.4756373882287886 0.8017146160214247 0.8388255646471903 1.0027267146372054 1.093401619390232 1.1714005754338348 1.64378069673904
182 1820 -0.8166277541478552 -0.1411572986358176 0.11024473068579238 0.7021260373527487 0.3901437797017011 0.4756373882287886 0.8017146160214247 0.8388255646471903 1.0027267146372054 1.093401619390232 1.1714005754338348 1.64378069673904
183 1830 -0.8166277541478552 -0.1411572986358176 0.11024473068579238 0.7021260373527487 0.3901437797017011 0.4756373882287886 0.8017146160214247 0.8388255646471903 1.0027267146372054 1.093401619390232 1.1714005754338348 1.64378069673904
184 1840 -0.8166277541478552 -0.1411572986358176 0.11024473068579238 0.7021260373527487 0.3901437797017011 0.4756373882287886 0.8017146160214247 0.8388255646471903 1.0027267146372054 1.093401619390232 1.1714005754338348 1.64378069673904
185 1850 -0.8154744734454266 -0.1222514374057759 0.0701461443846633 0.659074904564624 0.38518276340268137 0.4979228621008275 0.8209207724856579 0.9384790965983603 0.9763676301838968 1.0197304261187745 1.205693750055556 1.6131372609229342
186 1860 -0.8154744734454266 -0.1222514374057759 0.0701461443846633 0.659074904564624 0.38518276340268137 0.4979228621008275 0.8209207724856579 0.9384790965983603 0.9763676301838968 1.0197304261187745 1.205693750055556 1.6131372609229342
187 1870 -0.8154744734454266 -0.1222514374057759 0.0701461443846633 0.659074904564624 0.38518276340268137 0.4979228621008275 0.8209207724856579 0.9384790965983603 0.9763676301838968 1.0197304261187745 1.205693750055556 1.6131372609229342
188 1880 -0.8154744734454266 -0.1222514374057759 0.0701461443846633 0.659074904564624 0.38518276340268137 0.4979228621008275 0.8209207724856579 0.9384790965983603 0.9763676301838968 1.0197304261187745 1.205693750055556 1.6131372609229342
189 1890 -0.8154744734454266 -0.1222514374057759 0.0701461443846633 0.659074904564624 0.38518276340268137 0.4979228621008275 0.8209207724856579 0.9384790965983603 0.9763676301838968 1.0197304261187745 1.205693750055556 1.6131372609229342
190 1900 -0.8154744734454266 -0.1222514374057759 0.0701461443846633 0.659074904564624 0.38518276340268137 0.4979228621008275 0.8209207724856579 0.9384790965983603 0.9763676301838968 1.0197304261187745 1.205693750055556 1.6131372609229342
191 1910 -0.8154744734454266 -0.1222514374057759 0.0701461443846633 0.659074904564624 0.38518276340268137 0.4979228621008275 0.8209207724856579 0.9384790965983603 0.9763676301838968 1.0197304261187745 1.205693750055556 1.6131372609229342
192 1920 -0.8154744734454266 -0.1222514374057759 0.0701461443846633 0.659074904564624 0.38518276340268137 0.4979228621008275 0.8209207724856579 0.9384790965983603 0.9763676301838968 1.0197304261187745 1.205693750055556 1.6131372609229342
193 1930 -0.8313650565032338 -0.1732827209863888 0.12700506925105165 0.664066325172149 0.36473955661167307 0.485844904059623 0.728742202996722 0.9511721986095861 0.9634038742409221 0.9998718204536127 1.2335887554211606 1.6569532689440998
194 1940 -0.8313650565032338 -0.1732827209863888 0.12700506925105165 0.664066325172149 0.36473955661167307 0.485844904059623 0.728742202996722 0.9511721986095861 0.9634038742409221 0.9998718204536127 1.2335887554211606 1.6569532689440998
195 1950 -0.8313650565032338 -0.1732827209863888 0.12700506925105165 0.664066325172149 0.36473955661167307 0.485844904059623 0.728742202996722 0.9511721986095861 0.9634038742409221 0.9998718204536127 1.2335887554211606 1.6569532689440998
196 1960 -0.8313650565032338 -0.1732827209863888 0.12700506925105165 0.664066325172149 0.36473955661167307 0.485844904059623 0.728742202996722 0.9511721986095861 0.9634038742409221 0.9998718204536127 1.2335887554211606 1.6569532689440998
197 1970 -0.8313650565032338 -0.1732827209863888 0.12700506925105165 0.664066325172149 0.36473955661167307 0.485844904059623 0.728742202996722 0.9511721986095861 0.9634038742409221 0.9998718204536127 1.2335887554211606 1.6569532689440998
198 1980 -0.8313650565032338 -0.1732827209863888 0.12700506925105165 0.664066325172149 0.36473955661167307 0.485844904059623 0.728742202996722 0.9511721986095861 0.9634038742409221 0.9998718204536127 1.2335887554211606 1.6569532689440998
199 1990 -0.8313650565032338 -0.1732827209863888 0.12700506925105165 0.664066325172149 0.36473955661167307 0.485844904059623 0.728742202996722 0.9511721986095861 0.9634038742409221 0.9998718204536127 1.2335887554211606 1.6569532689440998
200 2000 -0.8313650565032338 -0.1732827209863888 0.12700506925105165 0.664066325172149 0.36473955661167307 0.485844904059623 0.728742202996722 0.9511721986095861 0.9634038742409221 0.9998718204536127 1.2335887554211606 1.6569532689440998
201 2010 -0.8398855994102381 -0.1646366859948259 0.12146879984037603 0.6610189367666796 0.3432248066045548 0.4834780894712067 0.707651193864036 0.8939184140850374 0.9487856594259774 1.0057645860808069 1.3299359275324218 1.6334317017943625
202 2020 -0.8398855994102381 -0.1646366859948259 0.12146879984037603 0.6610189367666796 0.3432248066045548 0.4834780894712067 0.707651193864036 0.8939184140850374 0.9487856594259774 1.0057645860808069 1.3299359275324218 1.6334317017943625
203 2030 -0.8398855994102381 -0.1646366859948259 0.12146879984037603 0.6610189367666796 0.3432248066045548 0.4834780894712067 0.707651193864036 0.8939184140850374 0.9487856594259774 1.0057645860808069 1.3299359275324218 1.6334317017943625
204 2040 -0.8398855994102381 -0.1646366859948259 0.12146879984037603 0.6610189367666796 0.3432248066045548 0.4834780894712067 0.707651193864036 0.8939184140850374 0.9487856594259774 1.0057645860808069 1.3299359275324218 1.6334317017943625
205 2050 -0.8398855994102381 -0.1646366859948259 0.12146879984037603 0.6610189367666796 0.3432248066045548 0.4834780894712067 0.707651193864036 0.8939184140850374 0.9487856594259774 1.0057645860808069 1.3299359275324218 1.6334317017943625
206 2060 -0.8398855994102381 -0.1646366859948259 0.12146879984037603 0.6610189367666796 0.3432248066045548 0.4834780894712067 0.707651193864036 0.8939184140850374 0.9487856594259774 1.0057645860808069 1.3299359275324218 1.6334317017943625
207 2070 -0.8398855994102381 -0.1646366859948259 0.12146879984037603 0.6610189367666796 0.3432248066045548 0.4834780894712067 0.707651193864036 0.8939184140850374 0.9487856594259774 1.0057645860808069 1.3299359275324218 1.6334317017943625
208 2080 -0.8398855994102381 -0.1646366859948259 0.12146879984037603 0.6610189367666796 0.3432248066045548 0.4834780894712067 0.707651193864036 0.8939184140850374 0.9487856594259774 1.0057645860808069 1.3299359275324218 1.6334317017943625
209 2090 -0.8529975913809941 -0.17292914897984635 0.11835677165069233 0.6308803860969885 0.33673515716830443 0.5290714590155592 0.7516458828467771 0.9061280928284986 0.956971715838532 1.0188140955179905 1.2521794563691386 1.6428398443775534
210 2100 -0.8529975913809941 -0.17292914897984635 0.11835677165069233 0.6308803860969885 0.33673515716830443 0.5290714590155592 0.7516458828467771 0.9061280928284986 0.956971715838532 1.0188140955179905 1.2521794563691386 1.6428398443775534
211 2110 -0.8529975913809941 -0.17292914897984635 0.11835677165069233 0.6308803860969885 0.33673515716830443 0.5290714590155592 0.7516458828467771 0.9061280928284986 0.956971715838532 1.0188140955179905 1.2521794563691386 1.6428398443775534
212 2120 -0.8529975913809941 -0.17292914897984635 0.11835677165069233 0.6308803860969885 0.33673515716830443 0.5290714590155592 0.7516458828467771 0.9061280928284986 0.956971715838532 1.0188140955179905 1.2521794563691386 1.6428398443775534
213 2130 -0.8529975913809941 -0.17292914897984635 0.11835677165069233 0.6308803860969885 0.33673515716830443 0.5290714590155592 0.7516458828467771 0.9061280928284986 0.956971715838532 1.0188140955179905 1.2521794563691386 1.6428398443775534
214 2140 -0.8529975913809941 -0.17292914897984635 0.11835677165069233 0.6308803860969885 0.33673515716830443 0.5290714590155592 0.7516458828467771 0.9061280928284986 0.956971715838532 1.0188140955179905 1.2521794563691386 1.6428398443775534
215 2150 -0.8529975913809941 -0.17292914897984635 0.11835677165069233 0.6308803860969885 0.33673515716830443 0.5290714590155592 0.7516458828467771 0.9061280928284986 0.956971715838532 1.0188140955179905 1.2521794563691386 1.6428398443775534
216 2160 -0.8529975913809941 -0.17292914897984635 0.11835677165069233 0.6308803860969885 0.33673515716830443 0.5290714590155592 0.7516458828467771 0.9061280928284986 0.956971715838532 1.0188140955179905 1.2521794563691386 1.6428398443775534
217 2170 -0.8316470962963171 -0.17655401924648811 0.09618942957651053 0.7004661827092161 0.34521998512434027 0.5077726121647803 0.7673410674861225 0.9237394973830964 0.97797170266156 1.0607611879820722 1.14332515687084 1.670942189263342
218 2180 -0.8316470962963171 -0.17655401924648811 0.09618942957651053 0.7004661827092161 0.34521998512434027 0.5077726121647803 0.7673410674861225 0.9237394973830964 0.97797170266156 1.0607611879820722 1.14332515687084 1.670942189263342
219 2190 -0.8316470962963171 -0.17655401924648811 0.09618942957651053 0.7004661827092161 0.34521998512434027 0.5077726121647803 0.7673410674861225 0.9237394973830964 0.97797170266156 1.0607611879820722 1.14332515687084 1.670942189263342
220 2200 -0.8316470962963171 -0.17655401924648811 0.09618942957651053 0.7004661827092161 0.34521998512434027 0.5077726121647803 0.7673410674861225 0.9237394973830964 0.97797170266156 1.0607611879820722 1.14332515687084 1.670942189263342
221 2210 -0.8316470962963171 -0.17655401924648811 0.09618942957651053 0.7004661827092161 0.34521998512434027 0.5077726121647803 0.7673410674861225 0.9237394973830964 0.97797170266156 1.0607611879820722 1.14332515687084 1.670942189263342
222 2220 -0.8316470962963171 -0.17655401924648811 0.09618942957651053 0.7004661827092161 0.34521998512434027 0.5077726121647803 0.7673410674861225 0.9237394973830964 0.97797170266156 1.0607611879820722 1.14332515687084 1.670942189263342
223 2230 -0.8316470962963171 -0.17655401924648811 0.09618942957651053 0.7004661827092161 0.34521998512434027 0.5077726121647803 0.7673410674861225 0.9237394973830964 0.97797170266156 1.0607611879820722 1.14332515687084 1.670942189263342
224 2240 -0.8316470962963171 -0.17655401924648811 0.09618942957651053 0.7004661827092161 0.34521998512434027 0.5077726121647803 0.7673410674861225 0.9237394973830964 0.97797170266156 1.0607611879820722 1.14332515687084 1.670942189263342
225 2250 -0.8380593270202977 -0.21439744154723145 0.14587493029118054 0.7408737596603002 0.34179647097309396 0.47170819341758424 0.6725719935774459 0.8573769133425416 0.9615897672125191 1.1211622399233672 1.2073111619109513 1.683436486566379
226 2260 -0.8380593270202977 -0.21439744154723145 0.14587493029118054 0.7408737596603002 0.34179647097309396 0.47170819341758424 0.6725719935774459 0.8573769133425416 0.9615897672125191 1.1211622399233672 1.2073111619109513 1.683436486566379
227 2270 -0.8380593270202977 -0.21439744154723145 0.14587493029118054 0.7408737596603002 0.34179647097309396 0.47170819341758424 0.6725719935774459 0.8573769133425416 0.9615897672125191 1.1211622399233672 1.2073111619109513 1.683436486566379
228 2280 -0.8380593270202977 -0.21439744154723145 0.14587493029118054 0.7408737596603002 0.34179647097309396 0.47170819341758424 0.6725719935774459 0.8573769133425416 0.9615897672125191 1.1211622399233672 1.2073111619109513 1.683436486566379
229 2290 -0.8380593270202977 -0.21439744154723145 0.14587493029118054 0.7408737596603002 0.34179647097309396 0.47170819341758424 0.6725719935774459 0.8573769133425416 0.9615897672125191 1.1211622399233672 1.2073111619109513 1.683436486566379
230 2300 -0.8380593270202977 -0.21439744154723145 0.14587493029118054 0.7408737596603002 0.34179647097309396 0.47170819341758424 0.6725719935774459 0.8573769133425416 0.9615897672125191 1.1211622399233672 1.2073111619109513 1.683436486566379
231 2310 -0.8380593270202977 -0.21439744154723145 0.14587493029118054 0.7408737596603002 0.34179647097309396 0.47170819341758424 0.6725719935774459 0.8573769133425416 0.9615897672125191 1.1211622399233672 1.2073111619109513 1.683436486566379
232 2320 -0.8380593270202977 -0.21439744154723145 0.14587493029118054 0.7408737596603002 0.34179647097309396 0.47170819341758424 0.6725719935774459 0.8573769133425416 0.9615897672125191 1.1211622399233672 1.2073111619109513 1.683436486566379
233 2330 -0.8155215057080574 -0.12753345928710694 0.0811414128759066 0.7753235766497257 0.3548846454560335 0.4660381835410528 0.7200572892554076 0.909264498355582 0.9670186424304484 1.066306170926352 1.2386100633795494 1.6447893719418578
234 2340 -0.8155215057080574 -0.12753345928710694 0.0811414128759066 0.7753235766497257 0.3548846454560335 0.4660381835410528 0.7200572892554076 0.909264498355582 0.9670186424304484 1.066306170926352 1.2386100633795494 1.6447893719418578
235 2350 -0.8155215057080574 -0.12753345928710694 0.0811414128759066 0.7753235766497257 0.3548846454560335 0.4660381835410528 0.7200572892554076 0.909264498355582 0.9670186424304484 1.066306170926352 1.2386100633795494 1.6447893719418578
236 2360 -0.8155215057080574 -0.12753345928710694 0.0811414128759066 0.7753235766497257 0.3548846454560335 0.4660381835410528 0.7200572892554076 0.909264498355582 0.9670186424304484 1.066306170926352 1.2386100633795494 1.6447893719418578
237 2370 -0.8155215057080574 -0.12753345928710694 0.0811414128759066 0.7753235766497257 0.3548846454560335 0.4660381835410528 0.7200572892554076 0.909264498355582 0.9670186424304484 1.066306170926352 1.2386100633795494 1.6447893719418578
238 2380 -0.8155215057080574 -0.12753345928710694 0.0811414128759066 0.7753235766497257 0.3548846454560335 0.4660381835410528 0.7200572892554076 0.909264498355582 0.9670186424304484 1.066306170926352 1.2386100633795494 1.6447893719418578
239 2390 -0.8155215057080574 -0.12753345928710694 0.0811414128759066 0.7753235766497257 0.3548846454560335 0.4660381835410528 0.7200572892554076 0.909264498355582 0.9670186424304484 1.066306170926352 1.2386100633795494 1.6447893719418578
240 2400 -0.8155215057080574 -0.12753345928710694 0.0811414128759066 0.7753235766497257 0.3548846454560335 0.4660381835410528 0.7200572892554076 0.909264498355582 0.9670186424304484 1.066306170926352 1.2386100633795494 1.6447893719418578
241 2410 -0.8004405671865947 -0.12232092687031207 0.05515588584239324 0.7086552755973036 0.3908854927340906 0.49069516500014226 0.6748899227480808 0.842765096052326 1.0490795284398295 1.0902025896008478 1.2758151588870057 1.5886735059963415
242 2420 -0.8004405671865947 -0.12232092687031207 0.05515588584239324 0.7086552755973036 0.3908854927340906 0.49069516500014226 0.6748899227480808 0.842765096052326 1.0490795284398295 1.0902025896008478 1.2758151588870057 1.5886735059963415
243 2430 -0.8004405671865947 -0.12232092687031207 0.05515588584239324 0.7086552755973036 0.3908854927340906 0.49069516500014226 0.6748899227480808 0.842765096052326 1.0490795284398295 1.0902025896008478 1.2758151588870057 1.5886735059963415
244 2440 -0.8004405671865947 -0.12232092687031207 0.05515588584239324 0.7086552755973036 0.3908854927340906 0.49069516500014226 0.6748899227480808 0.842765096052326 1.0490795284398295 1.0902025896008478 1.2758151588870057 1.5886735059963415
245 2450 -0.8004405671865947 -0.12232092687031207 0.05515588584239324 0.7086552755973036 0.3908854927340906 0.49069516500014226 0.6748899227480808 0.842765096052326 1.0490795284398295 1.0902025896008478 1.2758151588870057 1.5886735059963415
246 2460 -0.8004405671865947 -0.12232092687031207 0.05515588584239324 0.7086552755973036 0.3908854927340906 0.49069516500014226 0.6748899227480808 0.842765096052326 1.0490795284398295 1.0902025896008478 1.2758151588870057 1.5886735059963415
247 2470 -0.8004405671865947 -0.12232092687031207 0.05515588584239324 0.7086552755973036 0.3908854927340906 0.49069516500014226 0.6748899227480808 0.842765096052326 1.0490795284398295 1.0902025896008478 1.2758151588870057 1.5886735059963415
248 2480 -0.8004405671865947 -0.12232092687031207 0.05515588584239324 0.7086552755973036 0.3908854927340906 0.49069516500014226 0.6748899227480808 0.842765096052326 1.0490795284398295 1.0902025896008478 1.2758151588870057 1.5886735059963415
249 2490 -0.8085114516819849 -0.11279682247701729 0.07812188031189346 0.6457851901189003 0.3909048890739082 0.5156327539107216 0.631558188321844 0.8945831569748233 1.031886200324674 1.0647676030063429 1.2928040889549222 1.5850267725064517
250 2500 -0.8085114516819849 -0.11279682247701729 0.07812188031189346 0.6457851901189003 0.3909048890739082 0.5156327539107216 0.631558188321844 0.8945831569748233 1.031886200324674 1.0647676030063429 1.2928040889549222 1.5850267725064517
251 2510 -0.8085114516819849 -0.11279682247701729 0.07812188031189346 0.6457851901189003 0.3909048890739082 0.5156327539107216 0.631558188321844 0.8945831569748233 1.031886200324674 1.0647676030063429 1.2928040889549222 1.5850267725064517
252 2520 -0.8085114516819849 -0.11279682247701729 0.07812188031189346 0.6457851901189003 0.3909048890739082 0.5156327539107216 0.631558188321844 0.8945831569748233 1.031886200324674 1.0647676030063429 1.2928040889549222 1.5850267725064517
253 2530 -0.8085114516819849 -0.11279682247701729 0.07812188031189346 0.6457851901189003 0.3909048890739082 0.5156327539107216 0.631558188321844 0.8945831569748233 1.031886200324674 1.0647676030063429 1.2928040889549222 1.5850267725064517
254 2540 -0.8085114516819849 -0.11279682247701729 0.07812188031189346 0.6457851901189003 0.3909048890739082 0.5156327539107216 0.631558188321844 0.8945831569748233 1.031886200324674 1.0647676030063429 1.2928040889549222 1.5850267725064517
255 2550 -0.8085114516819849 -0.11279682247701729 0.07812188031189346 0.6457851901189003 0.3909048890739082 0.5156327539107216 0.631558188321844 0.8945831569748233 1.031886200324674 1.0647676030063429 1.2928040889549222 1.5850267725064517
256 2560 -0.8085114516819849 -0.11279682247701729 0.07812188031189346 0.6457851901189003 0.3909048890739082 0.5156327539107216 0.631558188321844 0.8945831569748233 1.031886200324674 1.0647676030063429 1.2928040889549222 1.5850267725064517
257 2570 -0.7840356639560073 -0.15218189139609806 0.06421722511249056 0.6616422431037026 0.37317608272842717 0.5191988091603915 0.6385864467198913 0.9272795065267853 0.9768256010277491 1.0665087034543432 1.3172203373420432 1.580137268787883
258 2580 -0.7840356639560073 -0.15218189139609806 0.06421722511249056 0.6616422431037026 0.37317608272842717 0.5191988091603915 0.6385864467198913 0.9272795065267853 0.9768256010277491 1.0665087034543432 1.3172203373420432 1.580137268787883
259 2590 -0.7840356639560073 -0.15218189139609806 0.06421722511249056 0.6616422431037026 0.37317608272842717 0.5191988091603915 0.6385864467198913 0.9272795065267853 0.9768256010277491 1.0665087034543432 1.3172203373420432 1.580137268787883
260 2600 -0.7840356639560073 -0.15218189139609806 0.06421722511249056 0.6616422431037026 0.37317608272842717 0.5191988091603915 0.6385864467198913 0.9272795065267853 0.9768256010277491 1.0665087034543432 1.3172203373420432 1.580137268787883
261 2610 -0.7840356639560073 -0.15218189139609806 0.06421722511249056 0.6616422431037026 0.37317608272842717 0.5191988091603915 0.6385864467198913 0.9272795065267853 0.9768256010277491 1.0665087034543432 1.3172203373420432 1.580137268787883
262 2620 -0.7840356639560073 -0.15218189139609806 0.06421722511249056 0.6616422431037026 0.37317608272842717 0.5191988091603915 0.6385864467198913 0.9272795065267853 0.9768256010277491 1.0665087034543432 1.3172203373420432 1.580137268787883
263 2630 -0.7840356639560073 -0.15218189139609806 0.06421722511249056 0.6616422431037026 0.37317608272842717 0.5191988091603915 0.6385864467198913 0.9272795065267853 0.9768256010277491 1.0665087034543432 1.3172203373420432 1.580137268787883
264 2640 -0.7840356639560073 -0.15218189139609806 0.06421722511249056 0.6616422431037026 0.37317608272842717 0.5191988091603915 0.6385864467198913 0.9272795065267853 0.9768256010277491 1.0665087034543432 1.3172203373420432 1.580137268787883
265 2650 -0.8161125378317643 -0.14640259337424427 0.10273683691532841 0.6965571013889128 0.3836938075498078 0.4916967884887081 0.7146071141251035 0.9114305464562241 0.959198336902592 1.0312643725115935 1.3148058133319607 1.599175531130393
266 2660 -0.8161125378317643 -0.14640259337424427 0.10273683691532841 0.6965571013889128 0.3836938075498078 0.4916967884887081 0.7146071141251035 0.9114305464562241 0.959198336902592 1.0312643725115935 1.3148058133319607 1.599175531130393
267 2670 -0.8161125378317643 -0.14640259337424427 0.10273683691532841 0.6965571013889128 0.3836938075498078 0.4916967884887081 0.7146071141251035 0.9114305464562241 0.959198336902592 1.0312643725115935 1.3148058133319607 1.599175531130393
268 2680 -0.8161125378317643 -0.14640259337424427 0.10273683691532841 0.6965571013889128 0.3836938075498078 0.4916967884887081 0.7146071141251035 0.9114305464562241 0.959198336902592 1.0312643725115935 1.3148058133319607 1.599175531130393
269 2690 -0.8161125378317643 -0.14640259337424427 0.10273683691532841 0.6965571013889128 0.3836938075498078 0.4916967884887081 0.7146071141251035 0.9114305464562241 0.959198336902592 1.0312643725115935 1.3148058133319607 1.599175531130393
270 2700 -0.8161125378317643 -0.14640259337424427 0.10273683691532841 0.6965571013889128 0.3836938075498078 0.4916967884887081 0.7146071141251035 0.9114305464562241 0.959198336902592 1.0312643725115935 1.3148058133319607 1.599175531130393
271 2710 -0.8161125378317643 -0.14640259337424427 0.10273683691532841 0.6965571013889128 0.3836938075498078 0.4916967884887081 0.7146071141251035 0.9114305464562241 0.959198336902592 1.0312643725115935 1.3148058133319607 1.599175531130393
272 2720 -0.8161125378317643 -0.14640259337424427 0.10273683691532841 0.6965571013889128 0.3836938075498078 0.4916967884887081 0.7146071141251035 0.9114305464562241 0.959198336902592 1.0312643725115935 1.3148058133319607 1.599175531130393
