% # columns="iteration, evaluation, sigma, max axis length,  min axis length, all principal axes lengths  (sorted square roots of eigenvalues of C)", seed=345429, Mon Jun 30 02:09:12 2025
1 10 0.5040237631297314 1.0000437509570452 1.0 1.0 1.0000062500195313 1.0000125000781253 1.0000187501757822 1.0000250003125026 1.0000312504882864 1.0000375007031337 1.0000437509570452
2 20 0.5283802805318326 1.151485367063084 0.8818937681900215 0.8818937681900215 0.9470080646463654 0.9806888624058735 0.9836086850481245 1.0013667050695862 1.0070697905250379 1.0094736209163846 1.151485367063084
3 30 0.5178669214441572 1.1958025578895688 0.8595545821614555 0.8595545821614555 0.9398534719121545 0.945068702572553 0.9680086134237322 0.9959775992436067 0.9996194610284261 1.0339691225787853 1.1958025578895688
4 40 0.4977922832694729 1.1808640886202733 0.8762350161687045 0.8762350161687045 0.8860829545783542 0.9437977815129318 0.9641841201911027 0.9916408191125864 1.0021915909540884 1.0274223227147148 1.1808640886202733
5 50 0.5215743740091529 1.1535612628139913 0.8153534265524395 0.8153534265524395 0.8998651454382107 0.9491600510448737 0.9621293399372328 0.9862989720520078 1.0042223379752495 1.0291439333154175 1.1535612628139913
6 60 0.5315763763321953 1.2157435045036467 0.8187903409068336 0.8187903409068336 0.8608990525793209 0.9264170995841015 0.9343476483602149 0.9478403353551328 1.0299394949343699 1.0362149851926716 1.2157435045036467
7 70 0.5323359607852465 1.2835721361309271 0.8157681493280659 0.8157681493280659 0.8526919134532573 0.8627357613805061 0.9181376134185839 0.9554557332677309 0.9874624994431277 1.0317920917669725 1.2835721361309271
8 80 0.4694075125014099 1.2776400128267218 0.8160692684433296 0.8160692684433296 0.8416961082052402 0.8532031812028089 0.8891759593283263 0.9464990729177342 0.9675303454369435 1.0929311109675595 1.2776400128267218
9 90 0.4458785309511539 1.2318941583507146 0.7833269485959962 0.7833269485959962 0.8201867841217455 0.8472653700790893 0.8782415322977323 0.9259428537098173 0.9542515511412348 1.08166635791802 1.2318941583507146
10 100 0.41543369510299755 1.2687140252728994 0.7358882391302674 0.7358882391302674 0.8037498064695271 0.8242200111588625 0.8666242610975542 0.936459171110803 0.9489297784117272 1.087859504727366 1.2687140252728994
11 110 0.3924292100591134 1.2543685213788378 0.745965073745372 0.745965073745372 0.8065520225391595 0.8184124848207252 0.8620860909723131 0.9152510976683114 0.9283547607674155 1.0720463997726322 1.2543685213788378
12 120 0.3863857685731316 1.2352608710973307 0.729224201207945 0.729224201207945 0.8062962665698464 0.8222121629376978 0.838114816203765 0.888903439345604 0.9622900927105508 1.0999539290875298 1.2352608710973307
13 130 0.3924441259888292 1.218013360271619 0.7362568672119677 0.7362568672119677 0.7905570948613878 0.8190623933278258 0.8550134465542085 0.8917128438907719 0.9417485611492793 1.1020843983670336 1.218013360271619
14 140 0.45296638107119097 1.2399679419060587 0.7297879905921697 0.7297879905921697 0.7918442697104844 0.8291549266362788 0.8508827392159484 0.9026212480373498 0.9438680959998499 1.093018292300082 1.2399679419060587
15 150 0.4463241880324973 1.3402414312357331 0.7075498497968462 0.7075498497968462 0.7816380187264406 0.797216675713997 0.848185709436021 0.9077332275438009 0.9831274490168295 1.10447027779638 1.3402414312357331
16 160 0.41898824282135755 1.331504247715609 0.7060977358253271 0.7060977358253271 0.7668144065154981 0.8034401140861747 0.8300200894568159 0.8894466697543216 0.9951440145958644 1.1193316518705843 1.331504247715609
17 170 0.41597938737648377 1.3365055192822146 0.7347146561724511 0.7347146561724511 0.7725722572212196 0.7993453940494653 0.8359301831014612 0.8581569569214759 0.9218786452123041 1.1116226664382591 1.3365055192822146
18 180 0.4078918259850497 1.386822686754801 0.6929152199693579 0.6929152199693579 0.7736984642135223 0.8005932569379635 0.8361947825369785 0.8473734184212831 0.9520165956955379 1.0620696336632311 1.386822686754801
19 190 0.351296250654879 1.3989159386414083 0.6860422418907902 0.6860422418907902 0.749876849524839 0.7905843742916793 0.8403681482879892 0.8456746591012946 0.962851133375384 1.0361260268601806 1.3989159386414083
20 200 0.3664214462213335 1.341903463763151 0.6712401617769441 0.6712401617769441 0.7075919064136968 0.7907775220769018 0.8255289279059654 0.8412433412105876 0.9616241252007494 1.0408231319622634 1.341903463763151
21 210 0.34720027338356596 1.43928123680911 0.6518427742566159 0.6518427742566159 0.7171244112874509 0.7857562946214499 0.7907895165467739 0.8442890094770936 0.947352648908302 1.0841895311172929 1.43928123680911
22 220 0.3636596269685881 1.44148744697982 0.6412237009471925 0.6412237009471925 0.6934310877474751 0.7520131658523205 0.7684078464423063 0.8468082448603125 0.9472484352955869 1.0878379477703575 1.44148744697982
23 230 0.40944785846623044 1.4690163530723501 0.6299990319982984 0.6299990319982984 0.6930992614946022 0.7502965113633193 0.7656169796971265 0.875483999381254 0.9324407749948296 1.0852093146920658 1.4690163530723501
24 240 0.4313755204896757 1.569565498011065 0.5975906758278203 0.5975906758278203 0.6730962021458146 0.7505445295856047 0.7912781993344958 0.9007372621776132 0.932674499675128 1.1510306897401115 1.569565498011065
25 250 0.43061530396662917 1.6438474362161504 0.6014971799748285 0.6014971799748285 0.6021205195640147 0.7484524143086926 0.7923960584468658 0.8631896761542823 0.9327270985011803 1.1709005680036118 1.6438474362161504
26 260 0.4461277657248542 1.6506760269445593 0.5740424839844889 0.5740424839844889 0.5991363100068107 0.7622480562527324 0.7899445873038565 0.8577026400689383 0.9566075752495398 1.1002578941586871 1.6506760269445593
27 270 0.409331435827388 1.5965798212562319 0.5866352378100173 0.5866352378100173 0.5978226556821429 0.7499591639943944 0.7771517209520976 0.8314107182141153 0.9711052663141414 1.182902410635663 1.5965798212562319
28 280 0.3672362128399162 1.576253563200944 0.5773803136420887 0.5773803136420887 0.5849697929418496 0.6918675526815048 0.7716037520043224 0.8553222386893339 0.970057812388213 1.1725230204449661 1.576253563200944
29 290 0.3497055218485641 1.597592714627583 0.5331114905357748 0.5331114905357748 0.58219283805079 0.6861498874817745 0.7893945683721975 0.8495539061025584 0.9625504899044119 1.1350369924846644 1.597592714627583
30 300 0.37438012008749555 1.6016015294640518 0.5283827962920962 0.5283827962920962 0.566945826755131 0.6847913143497479 0.7728124371460257 0.8416272921489123 0.9384830071843845 1.1450683664558619 1.6016015294640518
31 310 0.344405755449556 1.590009860901195 0.5013208079089856 0.5013208079089856 0.5733426979047722 0.6557648225360219 0.7766981794167443 0.8990104640810093 0.9491229071267822 1.140956139582795 1.590009860901195
32 320 0.34848786566526413 1.5958447513958842 0.49671799411038625 0.49671799411038625 0.5627672159154697 0.6575730899846156 0.7022388230206889 0.8843646421768772 0.939986933515427 1.1410864747823244 1.5958447513958842
33 330 0.3362890004603681 1.559012497285506 0.4880143330069214 0.4880143330069214 0.55603515746941 0.6800046240988034 0.7140753100252333 0.8815520566874239 0.9520970006473304 1.1665597294395604 1.559012497285506
34 340 0.3112574293840619 1.6334379580116263 0.4670625423413384 0.4670625423413384 0.5539184534559263 0.6813140233649131 0.7090843951507794 0.8450781385500655 0.9720327531407065 1.1228275127345921 1.6334379580116263
35 350 0.331446937872256 1.6069408923266224 0.46668323568321357 0.46668323568321357 0.5378472076309017 0.6540220395429801 0.700815790324887 0.8540747141739615 0.9580362029042602 1.1199988838397748 1.6069408923266224
36 360 0.34471232939328905 1.7189244396574626 0.4522443288350884 0.4522443288350884 0.5261208464787227 0.6403928223941329 0.7036200967087437 0.8595513285466233 0.9591031584533959 1.117913414038381 1.7189244396574626
37 370 0.33097145954912416 1.704405513599625 0.4692388419802658 0.4692388419802658 0.5204633744746843 0.6194940732426868 0.6697183355204117 0.8453518464093773 0.9961145947823073 1.1610417460348226 1.704405513599625
38 380 0.3065530353044255 1.6953792033000967 0.46069511894554416 0.46069511894554416 0.5274627435172237 0.6053994957488406 0.6558929266224087 0.8375305716319785 1.002640594491125 1.167923781966821 1.6953792033000967
39 390 0.3042350023211916 1.697817865493258 0.44139856924995696 0.44139856924995696 0.5067370436736358 0.5849086231196537 0.6527894427299439 0.8307847393818304 1.0272902309664416 1.1528025750036766 1.697817865493258
40 400 0.28255108262059264 1.7877229840651119 0.4227997380040808 0.4227997380040808 0.5077338891833949 0.5789787532129975 0.6490351541718545 0.8149304664505821 0.9815527740364514 1.153004426213657 1.7877229840651119
41 410 0.27472715980474194 1.7539127970524302 0.4132981447798909 0.4132981447798909 0.49871166316511223 0.5496507706652253 0.640453576437655 0.8165484021589982 0.9784332734337718 1.1390363031541755 1.7539127970524302
42 420 0.24366239478132704 1.6697034751156046 0.41323158531217874 0.41323158531217874 0.4957777205653667 0.5390826721316059 0.6286162080032686 0.81314595970852 1.0472487459245547 1.1014952951128374 1.6697034751156046
43 430 0.23926367630744844 1.6588859360323032 0.39306433722886 0.39306433722886 0.48863721117251097 0.5246526575482617 0.6151572931419514 0.82796752291217 1.0310417561857075 1.1050976316060674 1.6588859360323032
44 440 0.27605493956055593 1.6712605787843389 0.3786641468500849 0.3786641468500849 0.4980999235313733 0.5399787824146541 0.6176040833510757 0.827165227660282 1.0370160752592747 1.1433824301765783 1.6712605787843389
45 450 0.3335954131330588 1.6389740970831574 0.3841780383097983 0.3841780383097983 0.47456220697092066 0.5540447465223656 0.6358624206404094 0.8477661953962495 1.0595391072942981 1.1472394819958978 1.6389740970831574
46 460 0.34969019312603883 1.652216237027022 0.38106707312798244 0.38106707312798244 0.47551468157478494 0.5494612318907648 0.6354012447372825 0.8502602020873079 1.0944554812440714 1.1510376975579173 1.652216237027022
47 470 0.37738657213398824 1.6535722430904836 0.37794023710892505 0.37794023710892505 0.48901176671402136 0.5510125624460657 0.6051464279028795 0.8203454031122347 1.0606112113212622 1.1396016920274992 1.6535722430904836
48 480 0.38107264815583164 1.6939331503088388 0.3698824966520659 0.3698824966520659 0.5073775008765171 0.5432800312180889 0.6228269756182166 0.8303362061637727 0.9982207702306579 1.1057285290322465 1.6939331503088388
49 490 0.3649999418255955 1.6715290762347867 0.3690926717065238 0.3690926717065238 0.4726529919657096 0.5412971421916186 0.6733786688499245 0.8296865962033745 0.9907364866738433 1.1299025777556932 1.6715290762347867
50 500 0.344206499338264 1.6391634815025127 0.366880722059521 0.366880722059521 0.4811209134924297 0.513804324990423 0.6574560866992621 0.8203475222545054 0.9720596324892966 1.1364394741841513 1.6391634815025127
51 510 0.3350148099748529 1.636639798768267 0.3702272317072612 0.3702272317072612 0.4574774318565234 0.5172503742242637 0.6569128453041088 0.8040082421488639 0.9707610429950336 1.0899593894921993 1.636639798768267
52 520 0.32443213547733235 1.597269381194238 0.36849330575089256 0.36849330575089256 0.450020126410988 0.5019123033937755 0.6555029363489204 0.8094302847591818 0.9375424837138415 1.115663814288795 1.597269381194238
53 530 0.3215395380533487 1.6311929489815442 0.36887105897932876 0.36887105897932876 0.438433882112888 0.5001550828177723 0.6271116523188555 0.8066764310278973 0.9444064799937878 1.0704266319397624 1.6311929489815442
54 540 0.31179067837092617 1.5808171729819893 0.3681976978921467 0.3681976978921467 0.4304181839550644 0.49799918854274833 0.6261605887670318 0.8069070387283095 0.9430204998485201 1.0429858359783968 1.5808171729819893
55 550 0.3048513547985271 1.5803661419691644 0.36581507277296843 0.36581507277296843 0.4200801852468074 0.4956610829589478 0.6177072358310857 0.8210005448167381 0.9144541552600507 1.0391773687660624 1.5803661419691644
56 560 0.27749561913744086 1.5805286528687008 0.3669661749092694 0.3669661749092694 0.44100620163117743 0.487980332044743 0.5962580661317921 0.7644928973491273 0.9164632750815133 1.0164296157039248 1.5805286528687008
57 570 0.2639433146907375 1.5710923671648522 0.3507864908187179 0.3507864908187179 0.4412998196600372 0.49310544249162874 0.5844512699960749 0.7450550388380528 0.8822331106085869 0.9958452680924967 1.5710923671648522
58 580 0.24511516219067087 1.496041629581035 0.34841244884588446 0.34841244884588446 0.4336502848400526 0.48885216550415195 0.5844424289185479 0.7348290950388469 0.8867807702560293 0.9848980573900802 1.496041629581035
59 590 0.2320301224824311 1.401512151521661 0.3495990251444972 0.3495990251444972 0.41590793254512676 0.4800279819328864 0.5969751029416125 0.7148034558840205 0.9219521007656966 0.9966774812011329 1.401512151521661
60 600 0.23306061496806393 1.3821773933507633 0.3450223184437918 0.3450223184437918 0.44104405971698174 0.47630726589264966 0.5856749124854393 0.689055950579859 0.9203540072833627 0.9628837434149252 1.3821773933507633
61 610 0.28039242463831116 1.3786847749179627 0.30714763035416054 0.30714763035416054 0.4451224514747498 0.4940862871102937 0.5749183245467605 0.6947355157602627 0.8981708824497859 0.981326173380096 1.3786847749179627
62 620 0.2871030655880949 1.4043020294585173 0.3013381640920121 0.3013381640920121 0.4163502203301348 0.49988445356388067 0.580219265235263 0.6965042471304058 0.8800798636183131 1.0464895375869872 1.4043020294585173
63 630 0.2763674933303765 1.406854239153123 0.2954279078066094 0.2954279078066094 0.42011478903640953 0.4775286692260314 0.6021260796124157 0.6808447679003898 0.8146135036076456 1.0363898738562751 1.406854239153123
64 640 0.2585305420723078 1.4188200733529939 0.2857998546113433 0.2857998546113433 0.41861517919831914 0.4710808304004131 0.5832841361073012 0.6439245651451424 0.8048112576565165 1.0362359455611236 1.4188200733529939
65 650 0.2520313152831318 1.4311593928780066 0.2752914840435167 0.2752914840435167 0.43162125635663595 0.4832747646069737 0.5739101232605999 0.6096786354536239 0.7746111397696689 1.0110749638117338 1.4311593928780066
66 660 0.23612294750840546 1.3812368256539787 0.2709295069324151 0.2709295069324151 0.43678895278693464 0.49340466507378866 0.5609345407054297 0.6068299900053518 0.7735129976905447 0.9690410912231067 1.3812368256539787
67 670 0.22020871909088857 1.3691666248578844 0.26678243676628327 0.26678243676628327 0.4151140299806234 0.49427024154858384 0.544011418828646 0.6044886557672245 0.8160005707969441 0.945256339988149 1.3691666248578844
68 680 0.19704444708952654 1.3569122038494723 0.2575538416576448 0.2575538416576448 0.4036441301496815 0.49666632431965063 0.5482651631973866 0.5968932331309315 0.8073199410508385 0.9539904211974818 1.3569122038494723
69 690 0.18530447022599195 1.3652539428455412 0.25663352428424147 0.25663352428424147 0.3927987116662785 0.46569354103648625 0.546788423833778 0.590476498106801 0.7792980422006812 0.9669837357422331 1.3652539428455412
70 700 0.17531911140891426 1.3966215825920298 0.2497577027498277 0.2497577027498277 0.3774840538973457 0.46642509387627207 0.5418916917007629 0.5795966357455726 0.7408605287251477 0.9838553418617146 1.3966215825920298
71 710 0.16112955379514535 1.433429543831623 0.23166676725278734 0.23166676725278734 0.3691825611002226 0.45161841795903523 0.548164561271652 0.5827447227813782 0.7400594197227282 0.9878172285218062 1.433429543831623
72 720 0.1449739650541838 1.3414824614039238 0.22884006739160465 0.22884006739160465 0.36993719585658313 0.4383803461688365 0.55050868128402 0.5789475502215802 0.7504682262216503 0.975061672083084 1.3414824614039238
73 730 0.12285649038652167 1.3362779452794373 0.22351510024629867 0.22351510024629867 0.35630416771999984 0.4419459907716632 0.5163939818991776 0.5832773772215011 0.7509530576055454 0.9804228146152382 1.3362779452794373
74 740 0.1154520969361441 1.332029411167786 0.2171079572189997 0.2171079572189997 0.3735928082442349 0.4238646590758282 0.499959335307282 0.5793917515832531 0.7122838657874726 0.9835375083340889 1.332029411167786
75 750 0.11540075877829331 1.3228320965030524 0.21526663431415638 0.21526663431415638 0.3600609246099556 0.41687479647843656 0.4877672161080453 0.579864895974773 0.7019660938859734 0.9818466366354919 1.3228320965030524
76 760 0.1188539077945732 1.247019615074245 0.19965543795296334 0.19965543795296334 0.35652553528592434 0.4091481879688095 0.48742649007718575 0.5991558205912385 0.7199038633000139 1.0055914230274987 1.247019615074245
77 770 0.11821122463643698 1.2461677080341116 0.18268453841652782 0.18268453841652782 0.3792442136301813 0.40331145823254944 0.4791464333700976 0.6077291378761431 0.7231611255365428 1.02341215975772 1.2461677080341116
78 780 0.1165529326795559 1.2175405850667542 0.17651481971264119 0.17651481971264119 0.374719397185337 0.39512035164821974 0.4753589403055226 0.6191966670434204 0.7315723910194569 1.0318614458995379 1.2175405850667542
79 790 0.11994610186783293 1.1972558709203696 0.17250096809949123 0.17250096809949123 0.37503546139514155 0.3880102133886049 0.4986523698173906 0.5705165888254844 0.7382258744021697 1.041044560656882 1.1972558709203696
80 800 0.11375546633662946 1.1571798822703123 0.16395954180463196 0.16395954180463196 0.37015773958434306 0.3977261922800102 0.5018193832385104 0.5695290013975693 0.770659360238408 1.0253992531564309 1.1571798822703123
81 810 0.1040803855678831 1.1412657750905586 0.15944816212237758 0.15944816212237758 0.36449710100627203 0.392990651109388 0.5017042070744577 0.5874344992259458 0.7515967214383363 1.0420862777242768 1.1412657750905586
82 820 0.10166342672944975 1.1231350071282218 0.15522641861437003 0.15522641861437003 0.3616282067254536 0.38594639750144777 0.5002918910764464 0.5723559475999331 0.7629821215702733 1.054128690334522 1.1231350071282218
83 830 0.09680037165301145 1.103468488791659 0.15323461912166722 0.15323461912166722 0.3611796518990929 0.38253847232229715 0.5007976403526857 0.5777466600852673 0.7665115547233012 1.0341560579790945 1.103468488791659
84 840 0.09006323594599168 1.0733318570821413 0.15282581814612642 0.15282581814612642 0.3585751209898736 0.38945572894774727 0.5008831032444105 0.5591805247562279 0.7589759822531309 1.0210925096551449 1.0733318570821413
85 850 0.09230333105732348 1.0678514174921008 0.15442411079745347 0.15442411079745347 0.36085547751992414 0.3938707716615048 0.49690954671792237 0.5632519973566037 0.7264760241411311 0.967055415491784 1.0678514174921008
86 860 0.09717008174171458 1.020533734868234 0.15422681655425563 0.15422681655425563 0.36778284994956845 0.37234810423613024 0.4991408969565303 0.5825338736713909 0.7301696408270992 0.9879659150434384 1.020533734868234
87 870 0.09856434057173773 1.0208089872744939 0.14439907885482356 0.14439907885482356 0.36368865555281826 0.3847801322435746 0.48719131173495794 0.5988431687224375 0.730345488331946 1.0023496225636472 1.0208089872744939
88 880 0.09182095633054192 1.0564868503175882 0.13407267071649923 0.13407267071649923 0.3624840528081722 0.37016754580069483 0.5008939611062125 0.601875815648372 0.7252090419306261 1.0007591298359653 1.0564868503175882
89 890 0.07924349429665724 1.0555909880469272 0.12954305315560607 0.12954305315560607 0.340739987632468 0.3654243879394589 0.5114981622157453 0.6033318990800215 0.7324401516392146 1.0012351465084481 1.0555909880469272
90 900 0.0726867995600141 1.053491328355591 0.12312291220941897 0.12312291220941897 0.33155840703568373 0.3580941361059003 0.5030791567646842 0.5915557312168257 0.7326002018086237 0.9836043958521281 1.053491328355591
91 910 0.06836156599738391 1.0178172770013962 0.11740365203427507 0.11740365203427507 0.33139600748622317 0.38290908983223704 0.5054194678128887 0.5978324228259015 0.7285513839320922 0.9921921307556737 1.0178172770013962
92 920 0.07445751791576576 1.02261127150262 0.11335031707798117 0.11335031707798117 0.3468421456164331 0.3890308357797256 0.4915996802189235 0.5816117372184443 0.7086701898369361 0.9673741731146551 1.02261127150262
93 930 0.07550847290623124 1.0219973319882225 0.1096174662696085 0.1096174662696085 0.37339871835694544 0.38664302882856666 0.4812326599802057 0.5721770894419611 0.7201255225394304 0.9546364771031799 1.0219973319882225
94 940 0.084123356241881 1.0058426822594246 0.10912625644845717 0.10912625644845717 0.3812985408333378 0.38378119557078544 0.4625569892126075 0.5663536960824909 0.7190885486622758 0.9350199406845229 1.0058426822594246
95 950 0.07856118919811267 0.9736931342451994 0.10630242230413517 0.10630242230413517 0.3797976176194765 0.4055135765319074 0.4890161627574329 0.5456554970309604 0.6926468913073324 0.9389164287585293 0.9736931342451994
96 960 0.0727340019237623 0.9737242525751083 0.09737843200024676 0.09737843200024676 0.38301168203924285 0.4070898352189096 0.48409621765872624 0.5483556516189247 0.7029182235162065 0.9313997672136112 0.9737242525751083
97 970 0.06981319563253438 1.0000460688539692 0.09507763137363984 0.09507763137363984 0.37956587717768814 0.3980402969895246 0.47032154186779823 0.5450442277781293 0.6866137318401342 0.8749312717137866 1.0000460688539692
98 980 0.07177374619660715 0.9754826466441571 0.09315935567446991 0.09315935567446991 0.38278250491008065 0.4014569647139358 0.46122171290717345 0.5589822527882691 0.6916117769968925 0.8320963751003512 0.9754826466441571
99 990 0.06733089566819217 0.9978229415195902 0.09180669329294368 0.09180669329294368 0.37186087946546 0.405888511595418 0.4720641445412104 0.5521005734381478 0.6659661588859486 0.8261717291734584 0.9978229415195902
100 1000 0.06946007674492788 1.028103855964686 0.08634910252509313 0.08634910252509313 0.3721154826644449 0.40463873315176035 0.4628813005302093 0.5645061296967742 0.6533525694404728 0.8211225263809487 1.028103855964686
101 1010 0.07113255186825718 1.0771580054322978 0.07930103561503707 0.07930103561503707 0.3681563525161305 0.4115914981643606 0.4731795156549397 0.5602341482049739 0.6472802750983956 0.8103915867267122 1.0771580054322978
102 1020 0.06348709852574526 1.0648945087711366 0.07646319766362017 0.07646319766362017 0.35419358707537907 0.4135564922662614 0.4777415461670261 0.5573590451922822 0.6623797577415115 0.8111575510879054 1.0648945087711366
103 1030 0.057418152620044925 1.0697963939845379 0.07170803585311343 0.07170803585311343 0.3523805757025976 0.41307361505343615 0.47235048817838793 0.5458738660201645 0.6351767526696287 0.8083712528791565 1.0697963939845379
104 1040 0.05104281729177994 1.0611193771173275 0.06829884209176651 0.06829884209176651 0.3553597272404518 0.4143900372895141 0.45791387251432325 0.5203689301775715 0.6359653600063334 0.8045357300658087 1.0611193771173275
105 1050 0.051024843722773244 1.037705403018677 0.06544053644105563 0.06544053644105563 0.34581017816024895 0.40093044521642235 0.45661858748046164 0.5205241346937438 0.6443567498739438 0.8148720267217725 1.037705403018677
106 1060 0.04710893225439707 1.057186131203058 0.06192518288343732 0.06192518288343732 0.3506853417391006 0.39841365620797364 0.46142100166911326 0.513816268822677 0.6049548873213642 0.8296059541663171 1.057186131203058
107 1070 0.040978654934365547 1.0623214328138417 0.059015493940656194 0.059015493940656194 0.3498438651905432 0.3950009805096875 0.45706972830484444 0.5155219962038116 0.5921109051151795 0.7874236006280687 1.0623214328138417
108 1080 0.03870520167039404 1.0829546671264145 0.05529192627547378 0.05529192627547378 0.34837230733560837 0.38698988538712753 0.44973394655737337 0.5187992634965097 0.5791334619823226 0.776567397161812 1.0829546671264145
109 1090 0.03673094557638922 1.0471085532681637 0.05398751560342716 0.05398751560342716 0.3494470707359921 0.3916730993844537 0.4325521980064402 0.5129237854919962 0.5755240784963056 0.7591747224714888 1.0471085532681637
110 1100 0.03423432300003555 1.0508390106038195 0.05039164560306157 0.05039164560306157 0.33730548633180024 0.3879182951902559 0.4301934688302364 0.504072552529352 0.5980625010403782 0.8000653073385093 1.0508390106038195
111 1110 0.03220050426612618 1.0564486302843548 0.049335036873518784 0.049335036873518784 0.3355112730185576 0.38481443596785475 0.41192841524247664 0.48818672779645256 0.6112565971112095 0.7985279933047047 1.0564486302843548
112 1120 0.03266027634572134 1.0582973322270424 0.04698865851551997 0.04698865851551997 0.3398999767464617 0.3661205249323056 0.40915413201875134 0.48484953682099885 0.6092711913662192 0.7877881070623856 1.0582973322270424
113 1130 0.03335103292429284 1.0439975505802235 0.04601032026595164 0.04601032026595164 0.3277603797552059 0.3658513012123387 0.39852384681715797 0.46437379775216414 0.6402222757808647 0.7959033203701223 1.0439975505802235
114 1140 0.0325255425140275 1.046337908877845 0.042604851570768335 0.042604851570768335 0.3239793291258653 0.3784382220037338 0.41654766954114314 0.4611563058266519 0.6395428571657907 0.7900327126838983 1.046337908877845
115 1150 0.033979967312344955 1.0143708825257312 0.041691122223791004 0.041691122223791004 0.3288241381155364 0.3761357963830732 0.41588126263821146 0.45174804971651267 0.6384642487170211 0.7591197959057203 1.0143708825257312
116 1160 0.031726080314609946 1.0250324738849186 0.04148812991855629 0.04148812991855629 0.32751600299229733 0.3645997466190407 0.4105604454537485 0.453184670388009 0.6484062515821046 0.7483906414103362 1.0250324738849186
117 1170 0.028543823555559133 1.0222703439946115 0.03891707487086649 0.03891707487086649 0.3112658813809709 0.3659746634787078 0.4090418647675957 0.442666415940824 0.648413969359589 0.7491425925449583 1.0222703439946115
118 1180 0.02946955408313762 1.0291691816729398 0.038612268112710006 0.038612268112710006 0.3097087515056362 0.3591959670547216 0.39795169905691774 0.42460092927643844 0.6460075891377457 0.7237063655603045 1.0291691816729398
119 1190 0.026466873193609426 1.0400964995939295 0.037755077791290434 0.037755077791290434 0.31227444358273865 0.35427966532456306 0.40109881158202076 0.4107232412696581 0.6434718156796002 0.7353341397218072 1.0400964995939295
120 1200 0.02335270296894388 1.0237799409799277 0.03803791837203985 0.03803791837203985 0.2972442631280662 0.35725216651586017 0.3903337051454143 0.41293525177356594 0.6430244067586255 0.6996608019743419 1.0237799409799277
121 1210 0.024368698451509074 1.012781882692674 0.0364378401335867 0.0364378401335867 0.290229628991586 0.3387961123626335 0.38866714939460256 0.4153394724097331 0.6404771279524475 0.698267548219985 1.012781882692674
122 1220 0.020080099572622728 1.0268184974173973 0.0356306562313706 0.0356306562313706 0.27899393318168586 0.32626481002167085 0.3862469311183463 0.4156847289050928 0.6781833974314537 0.729663205358827 1.0268184974173973
123 1230 0.017856119064543513 1.015164098784315 0.03227932836893255 0.03227932836893255 0.27778941363994275 0.3163227000410939 0.38507676722544887 0.4158348240272434 0.6669130551414565 0.7644822528756223 1.015164098784315
124 1240 0.016681851141086425 0.9905345960699145 0.03193702672806226 0.03193702672806226 0.2725405009330613 0.30033664886348094 0.38841248025231645 0.4165754088084138 0.6528681033473392 0.7589387927418425 0.9905345960699145
125 1250 0.018670427514319344 0.9909940714311619 0.029784319233208834 0.029784319233208834 0.2716510079545533 0.3043589368339831 0.39124234447408984 0.4107188564868442 0.6374077223256683 0.765462772076534 0.9909940714311619
126 1260 0.02093262347572574 1.001954808090237 0.02871556843437164 0.02871556843437164 0.27691270034588383 0.2952263082474946 0.38321945596889107 0.45634185165229185 0.6537671864812938 0.7640732729271845 1.001954808090237
127 1270 0.021556124704839363 1.012365209387285 0.02913225668515611 0.02913225668515611 0.27384729425360305 0.28302043365100155 0.3870199051347969 0.4748483019489429 0.6888927188076788 0.7209952468773408 1.012365209387285
128 1280 0.022303760928122317 1.0287198893854124 0.02949845935139218 0.02949845935139218 0.26899937187701295 0.27924106814428795 0.36994712747219133 0.4913253087068024 0.6953677171391942 0.7176096785941997 1.0287198893854124
129 1290 0.02253988802032134 1.0246523590203849 0.029494246178338256 0.029494246178338256 0.2575032325223507 0.27420831516227484 0.3612988796270525 0.48013161709940533 0.7015781462525175 0.7635691505446485 1.0246523590203849
130 1300 0.020959086022726347 1.0321306042559897 0.02880231786969223 0.02880231786969223 0.24784776668664232 0.28250577591758647 0.3623478521242306 0.45783837401623756 0.6689664717869759 0.7966382153993242 1.0321306042559897
131 1310 0.01931520983288242 1.0271551827261804 0.027678670066301505 0.027678670066301505 0.2285678107938472 0.2883310610361228 0.3598467935486717 0.45846134665673377 0.6832724101818314 0.7874690998497884 1.0271551827261804
132 1320 0.017249483099209355 1.0392367006842402 0.02681421181429221 0.02681421181429221 0.21684523044683468 0.28163928248843006 0.35529995427416444 0.45215377087918845 0.6821656400019681 0.7874539975609253 1.0392367006842402
133 1330 0.015026263910974004 1.0409565147490776 0.02681296382474998 0.02681296382474998 0.211717996124337 0.28263813152120526 0.33231738520032805 0.4497856938294425 0.6581665797194982 0.7830612063375478 1.0409565147490776
134 1340 0.014428382616590995 0.9684397478611575 0.026715315497731866 0.026715315497731866 0.20895922707805323 0.27349148479124874 0.3286060921430176 0.4360419118700104 0.6602741065469943 0.7711229208678098 0.9684397478611575
135 1350 0.015645856469210635 0.9737378920135749 0.026975617569083437 0.026975617569083437 0.212021022234228 0.26921830001972963 0.32863017932894517 0.4009444090047979 0.6571173634375049 0.762167549169851 0.9737378920135749
136 1360 0.016956981647699064 1.033758591691664 0.026733877352021283 0.026733877352021283 0.20483506968859394 0.26525227401585194 0.34181516220236113 0.41000838462798905 0.657392014371573 0.7756684896494617 1.033758591691664
137 1370 0.017519347449443612 1.0352487397676688 0.02656218821335312 0.02656218821335312 0.20178106605415927 0.2707316593290017 0.3221509957158781 0.4290529985950622 0.65512559766235 0.7617127147884032 1.0352487397676688
138 1380 0.01753154645900124 1.0511677506929697 0.02553625908960016 0.02553625908960016 0.19946874285099497 0.26800456448284615 0.3140366167467041 0.43709728636029127 0.6680626058886044 0.7359267006768127 1.0511677506929697
139 1390 0.016015346564490152 1.0072954613397338 0.025442564086947467 0.025442564086947467 0.19385317241381217 0.26287714059847145 0.3034583429543272 0.4548301434702191 0.6614881554524676 0.7385792796834657 1.0072954613397338
140 1400 0.01522292399022638 1.0102727855525273 0.024948342833967234 0.024948342833967234 0.1916995061430884 0.2563666991229027 0.29161164891500724 0.44639458985926894 0.6546162594060747 0.7502555033519511 1.0102727855525273
141 1410 0.015480922978581012 0.9734386338088646 0.025031549706821993 0.025031549706821993 0.18965581482124766 0.2496100302515558 0.2907122263704191 0.44005580768964647 0.6480602999451291 0.7537130507397494 0.9734386338088646
142 1420 0.016919209502679913 1.0126524801456478 0.023972579179333767 0.023972579179333767 0.177831348091715 0.24602366456426525 0.2856609148882562 0.4572732445606005 0.6247722306121553 0.7555681031438755 1.0126524801456478
143 1430 0.01823691718677025 1.0462990513170316 0.02359308708223984 0.02359308708223984 0.17548408455244538 0.2407589985020532 0.29344507601388475 0.4516568991273419 0.600132274057564 0.8179214958291033 1.0462990513170316
144 1440 0.0185882122706801 1.0915590291790522 0.023792059895578355 0.023792059895578355 0.17431193866730074 0.24619210830792904 0.29389478638683325 0.438253018519654 0.586148036710442 0.7785082823749282 1.0915590291790522
145 1450 0.017148861581307802 1.1020454493032912 0.023382142452137492 0.023382142452137492 0.1671590342665169 0.24315912481666424 0.2949183906437997 0.4408700760143976 0.5740124628661315 0.7619376977340179 1.1020454493032912
146 1460 0.014992428348274514 1.085057409846782 0.02262883366838075 0.02262883366838075 0.1602130296752546 0.23857290076007673 0.2925869891611391 0.44181563994551 0.5630885570561289 0.7682117092973979 1.085057409846782
147 1470 0.013884260998335922 1.0597132249052934 0.02175170829325724 0.02175170829325724 0.1521160136432409 0.2333062616377279 0.2926611817119503 0.43611426594891745 0.5664246442307028 0.7540697137509622 1.0597132249052934
148 1480 0.013607795539651486 1.0387172956684163 0.021325348056908604 0.021325348056908604 0.15300028516847383 0.2222604366460978 0.2887926290458594 0.44255836502954143 0.543733894451443 0.7854270370631822 1.0387172956684163
149 1490 0.012667817842135318 1.0315194024842151 0.019863618662696307 0.019863618662696307 0.15093985791024225 0.21774565657672848 0.2868050252097619 0.464504314905398 0.539696434024987 0.7682020773007925 1.0315194024842151
150 1500 0.011999419050628126 1.0225414542201756 0.018866489384814444 0.018866489384814444 0.14975934356488205 0.20852491873889384 0.2863763831096349 0.45930922181927913 0.5283766012947614 0.7982313959666001 1.0225414542201756
151 1510 0.010702189820038273 0.991245932262721 0.01794555447826624 0.01794555447826624 0.1457417027160201 0.2069683202618312 0.28539021107813384 0.4598684215832705 0.5281233244694318 0.7824245936605823 0.991245932262721
152 1520 0.009077424979347508 0.9735034660984035 0.017676303814152226 0.017676303814152226 0.14159425047162275 0.2039191791755837 0.2857887112282811 0.4667450156884332 0.5154552234171192 0.7556780532155373 0.9735034660984035
153 1530 0.009424974562866527 0.9663895393929984 0.017594427649666323 0.017594427649666323 0.13477751580504527 0.1996313023076479 0.2833989157109903 0.45639944168576224 0.48778300723868423 0.7594691076823125 0.9663895393929984
154 1540 0.008717674682018142 0.9649450364949139 0.017015424869749662 0.017015424869749662 0.12895535151135534 0.19342270740431336 0.2761356353511411 0.45576050565979587 0.48204907313047696 0.831551579599842 0.9649450364949139
155 1550 0.007611736164957237 0.9493507561671731 0.016717417748915754 0.016717417748915754 0.12957834951604813 0.19577541720919614 0.26957685510460627 0.43273219110754935 0.48816814964974986 0.8237903012284914 0.9493507561671731
156 1560 0.007731490794964732 0.9285954509747285 0.01607232146277118 0.01607232146277118 0.12602179579611822 0.19352068530849986 0.2729755618810374 0.43324967250145124 0.46992995069886817 0.8044304596359153 0.9285954509747285
157 1570 0.007544911606672912 0.9286343617482027 0.01639001267230114 0.01639001267230114 0.12699312568921806 0.19767475849178287 0.27043815603632715 0.41967049364978687 0.44007769294298543 0.8220881211899175 0.9286343617482027
158 1580 0.007415622652176807 0.9057183375477145 0.0161774165917666 0.0161774165917666 0.12145391933451852 0.19829034873299983 0.26796455152365534 0.41378264879143706 0.43886893686504125 0.8448930430970706 0.9057183375477145
159 1590 0.007796255726468315 0.8942254008401992 0.016181201914689625 0.016181201914689625 0.11451468207269429 0.18707606865820361 0.2662794499893065 0.40470481757009397 0.4355034067500127 0.8869504212732473 0.8942254008401992
160 1600 0.00674365211716981 0.926915078333662 0.017355024815993363 0.017355024815993363 0.11362644491971617 0.17417593047667215 0.2637831126049056 0.40418296764853145 0.4279253978641766 0.8704518740535101 0.926915078333662
161 1610 0.0059959939916734845 0.9237649276749993 0.016051787163645793 0.016051787163645793 0.11201356787025198 0.17351976671422958 0.2511835065343971 0.40211383950476914 0.42670170809739355 0.8785506194125751 0.9237649276749993
162 1620 0.005570511126721428 0.9478569231743046 0.01507038076005071 0.01507038076005071 0.10760379027443731 0.17541456050147516 0.25390381735149625 0.3967065682899268 0.4182302757688019 0.8820250691060209 0.9478569231743046
163 1630 0.005092363587110589 0.9424287640290671 0.01462416694113452 0.01462416694113452 0.10482920542584429 0.16827883548057518 0.2509392706031396 0.39359958185825983 0.40462093365884194 0.9202113898120482 0.9424287640290671
164 1640 0.005090689430592602 0.9381524307345472 0.014547332862986609 0.014547332862986609 0.10208489677310623 0.16770244317455082 0.2518546440169164 0.38597611457842695 0.4044787520834401 0.8729224663693662 0.9381524307345472
165 1650 0.004974006144553536 0.9260108731173284 0.014279549290294265 0.014279549290294265 0.09848032481949316 0.16935033611140593 0.2527312225631295 0.3672386165099452 0.42168968396879086 0.8570842733491494 0.9260108731173284
166 1660 0.004491844701422682 0.9660086513126214 0.014325166570370557 0.014325166570370557 0.09051773735876402 0.1641628727397326 0.25603511030606224 0.3690257176984526 0.41647962826656454 0.8510885548549585 0.9660086513126214
167 1670 0.004229379536733194 0.9690821726203805 0.014370936312243163 0.014370936312243163 0.08687676742489586 0.16205543703707365 0.24769185767914612 0.3656032521930928 0.4154995812676679 0.8423983133996521 0.9690821726203805
168 1680 0.004030972423771484 0.959037024416545 0.013974708437519478 0.013974708437519478 0.08909034540714507 0.15790347265447496 0.2337704537016927 0.35961856783138363 0.4188756656670001 0.8286475471603593 0.959037024416545
169 1690 0.0034774465408761866 0.957206926517322 0.013634465427029507 0.013634465427029507 0.08592577935894469 0.15263601483376918 0.22945614571251166 0.370649688187829 0.41270865378918165 0.8162998276804031 0.957206926517322
170 1700 0.003248958678672198 0.9496490077544941 0.013297638777056857 0.013297638777056857 0.08528978616672195 0.14547733832927753 0.22598885811887923 0.3627627221939947 0.4034143669138225 0.8109622943935277 0.9496490077544941
171 1710 0.003034987453718363 0.953670057990526 0.01305252584579826 0.01305252584579826 0.08181238296430268 0.14669500529655322 0.22523307578205992 0.35047352531100756 0.3982206501806912 0.7987292466726806 0.953670057990526
172 1720 0.002934998774031281 0.9355261387355828 0.012964270608460338 0.012964270608460338 0.080968405276275 0.14285725650424405 0.22687875895004705 0.3342909104689949 0.39431998092615894 0.7974099494687648 0.9355261387355828
173 1730 0.002864553936768737 0.9204380951609482 0.013333803106512656 0.013333803106512656 0.08005649705799428 0.14083511552658906 0.2257970794160706 0.3249243357214167 0.3824373014528966 0.7747234483520565 0.9204380951609482
174 1740 0.002850264070144347 0.9047947485106816 0.013350820169936222 0.013350820169936222 0.0779716834831202 0.14524529980170417 0.22349495915387846 0.30632857180767825 0.37871546270943346 0.7783448961639142 0.9047947485106816
175 1750 0.002751407349325881 0.9028069457933773 0.013109688663944193 0.013109688663944193 0.0724750808951338 0.14194224826601434 0.2393574885334761 0.31108903816999206 0.36904846385200557 0.7777688810234527 0.9028069457933773
176 1760 0.002529645627532077 0.9057288098869232 0.01274323174154648 0.01274323174154648 0.06832936670767165 0.14002604285681702 0.24634456766809332 0.3021343242773965 0.37455354944011265 0.7597391010257679 0.9057288098869232
177 1770 0.0024081033291996107 0.8915042235126864 0.012252484310754198 0.012252484310754198 0.06582564962985218 0.13821575430286856 0.24517394834704484 0.2966662872560918 0.37444438686886433 0.7424299094442791 0.8915042235126864
178 1780 0.0021690911416859374 0.9133791873609267 0.011862603864954316 0.011862603864954316 0.06457193537097518 0.14221116466500403 0.24637797708235684 0.2907135843084592 0.36879157537750945 0.7147319136482921 0.9133791873609267
179 1790 0.0020234911077838466 0.9117951342511545 0.012216763679316546 0.012216763679316546 0.06140273018455148 0.14130376104578785 0.24578736287362873 0.2892786353067925 0.34072141080982943 0.7116384050812211 0.9117951342511545
180 1800 0.001862006772471627 0.8995246348277428 0.01191392259441596 0.01191392259441596 0.060218347558832826 0.14264709531653727 0.23875408452501687 0.2808415445139614 0.3566549219168922 0.6889651721028102 0.8995246348277428
181 1810 0.001659734771546647 0.9025573064442952 0.011929723036422542 0.011929723036422542 0.059721459154380915 0.13941301403636314 0.22444076435675064 0.2702340542183938 0.35277528036361644 0.6841439645652461 0.9025573064442952
182 1820 0.001542204429888184 0.8891602193616546 0.011623638325793457 0.011623638325793457 0.059449880836189455 0.13956486623670616 0.21915773663761795 0.25910083311055626 0.35754017562021234 0.6763507292299423 0.8891602193616546
183 1830 0.001476557045044055 0.9127796235167799 0.01162090654545187 0.01162090654545187 0.05439343232021272 0.14237073195341615 0.21225989791845273 0.26633959668371565 0.3517418225285392 0.6794021058504989 0.9127796235167799
184 1840 0.001411112268252116 0.898421529610077 0.011382447260984361 0.011382447260984361 0.05156302302793435 0.14170370292841078 0.20712657355638375 0.26912115246225704 0.3561992170634253 0.6751162509226325 0.898421529610077
185 1850 0.0013882681178400828 0.888838737109762 0.011021588604138991 0.011021588604138991 0.051502535575880484 0.1363483971845178 0.20369281889648022 0.2730774353761685 0.3509985375511004 0.666466808655022 0.888838737109762
186 1860 0.001301123392820925 0.8820459687923162 0.01087006264085906 0.01087006264085906 0.04850772754504833 0.1352369680641372 0.20911805882755402 0.2737602458409724 0.34325088521743274 0.6690240166228724 0.8820459687923162
187 1870 0.001240367895723161 0.8752955663160077 0.01071565096313795 0.01071565096313795 0.04856438117458716 0.13245816479388578 0.20405327477944651 0.2692844789706552 0.33776397098136807 0.6681753477648772 0.8752955663160077
188 1880 0.001209510879962885 0.8969963196377246 0.01054057919336038 0.01054057919336038 0.048173479723749094 0.13215322036768312 0.1937034431833876 0.26497911339773733 0.34485549286155626 0.6539624770516008 0.8969963196377246
189 1890 0.0011168839629107515 0.9081188887281297 0.010201079065195117 0.010201079065195117 0.04687514900269378 0.12953581913614343 0.19054910942305703 0.2701271468014851 0.34245493142845995 0.6351944316984484 0.9081188887281297
190 1900 0.0011364514561911475 0.9115265605382346 0.01008441014693827 0.01008441014693827 0.04450477709027581 0.12603249134285213 0.1807447302036082 0.2644201482434129 0.3430159600556992 0.6555961130102067 0.9115265605382346
191 1910 0.0011588893260704716 0.9733026955194909 0.009874846169833702 0.009874846169833702 0.0443047060221706 0.11844899308531154 0.1724278307309687 0.26774480656694777 0.35365945701084134 0.6511022594144426 0.9733026955194909
192 1920 0.0010601511334901816 0.9720230140194103 0.00974325217559989 0.00974325217559989 0.04211700257331941 0.11712668816350438 0.17095721334162847 0.26916587801043956 0.34736256965792106 0.6553261249718599 0.9720230140194103
193 1930 0.0010058900545456871 0.9688412435735548 0.009714332274825628 0.009714332274825628 0.040986094382291234 0.11595416035657696 0.1704899809215042 0.2690408464306054 0.3482858356530312 0.6256502423596103 0.9688412435735548
194 1940 0.0010269690858268458 0.9215174208405398 0.009452311946749265 0.009452311946749265 0.04215653736701263 0.11278417581773795 0.17178823915998134 0.2553489354756352 0.35020440855189056 0.6204787905601334 0.9215174208405398
195 1950 0.001002509505693632 0.8937337738150029 0.009183814689657576 0.009183814689657576 0.04340105171794897 0.11161068949760301 0.17296245955142941 0.24951879413796219 0.34096162484067416 0.6200918676915341 0.8937337738150029
196 1960 0.0009844646404705618 0.9240019549498473 0.008832173055846868 0.008832173055846868 0.04412081763097657 0.10743428825958713 0.1705424331518739 0.24899505078786852 0.33230921919903944 0.6008709264663378 0.9240019549498473
197 1970 0.0009898444344440484 0.9371070885409996 0.008618672499414634 0.008618672499414634 0.04318565128349802 0.1062373068658511 0.17215188995459949 0.2426510346621078 0.3256552966640054 0.5804123763516899 0.9371070885409996
198 1980 0.0009775025069235228 0.9902937391127608 0.008402591162393296 0.008402591162393296 0.04182219989817703 0.10615813072793785 0.16638779927690195 0.2443878729406554 0.3237442002151637 0.5849241946876566 0.9902937391127608
199 1990 0.0009141997145556237 0.9366005896634139 0.008444705117023301 0.008444705117023301 0.041359434118981596 0.1013153937117283 0.16624454961299787 0.2457793829561245 0.32736153837450194 0.5819227762456414 0.9366005896634139
200 2000 0.0007831067338981196 0.9472475466505181 0.008464035415073146 0.008464035415073146 0.04093596319342395 0.10471240629025685 0.16192542958759412 0.24204187704256117 0.3137093190526656 0.5579380243645269 0.9472475466505181
201 2010 0.0007084197116253983 0.957228986896663 0.008095890407937477 0.008095890407937477 0.03952190156608972 0.10176108835239979 0.15506182603100005 0.24065873116264838 0.3145006273711509 0.5493196175739068 0.957228986896663
202 2020 0.0006138302238443945 0.9378817597552738 0.007892317713829939 0.007892317713829939 0.03910809254533447 0.10036284220445034 0.1586824917480515 0.2437211760770471 0.2943381232359205 0.5381461156998716 0.9378817597552738
203 2030 0.0005590776317870298 0.9186916815736893 0.00784026010648185 0.00784026010648185 0.03822241766020183 0.0966896686157644 0.15742207157956542 0.23261483294869834 0.29599704289431905 0.5240076058439684 0.9186916815736893
204 2040 0.0005130176389271974 0.9141812728798226 0.007473383286862679 0.007473383286862679 0.03818728060732556 0.09844193828656364 0.15108823862987045 0.22591339300344335 0.29604199454091706 0.5192925175574991 0.9141812728798226
205 2050 0.0004751402529840312 0.9212442372470104 0.0073247885289943705 0.0073247885289943705 0.036948705206299545 0.09779988108618128 0.14416491543964743 0.21153576821213277 0.30446172133000576 0.5325447346710342 0.9212442372470104
206 2060 0.00044084064552358864 0.9083093491002505 0.00737654351319495 0.00737654351319495 0.0360908987335226 0.10000565397076627 0.14408172822700294 0.21153347250022483 0.2934922023222891 0.5102244176479191 0.9083093491002505
207 2070 0.000416449530934508 0.9137682150562026 0.007484692602241439 0.007484692602241439 0.03426144263867936 0.09515102409680788 0.1421034036606467 0.2113187513185054 0.28780832528268496 0.5053097482702625 0.9137682150562026
208 2080 0.0003657114839473337 0.9080642860539658 0.007099727712678978 0.007099727712678978 0.035308554836356316 0.09166718555767273 0.13916551653856432 0.20996581313102117 0.290004704330435 0.4973869980792903 0.9080642860539658
209 2090 0.0003313970140826068 0.9070303319459837 0.007080732125865427 0.007080732125865427 0.0340457244100357 0.09261656851937908 0.1358572245617944 0.20422659828276563 0.2880122226673282 0.48191427820605387 0.9070303319459837
210 2100 0.00030578831803604973 0.9119009120240822 0.0070617371594478605 0.0070617371594478605 0.03398893988977939 0.09235691686462184 0.1313205584881645 0.1985594869908108 0.2772401555596603 0.46735109225672083 0.9119009120240822
211 2110 0.0002705003438813296 0.8941499009963211 0.006926600535611018 0.006926600535611018 0.03433837853516919 0.0851467985510443 0.13255095964069138 0.1989849655430757 0.27948370084111146 0.4522386924636329 0.8941499009963211
212 2120 0.00025011753169933187 0.8155659741262605 0.007020648395500509 0.007020648395500509 0.034168619555005025 0.08305888094718437 0.1328180525434818 0.19663159587491155 0.27626980939857765 0.4477526021791554 0.8155659741262605
213 2130 0.0002284091623889868 0.7947142930613283 0.006923305522381238 0.006923305522381238 0.034328403180722916 0.0839090531147958 0.13564263841413304 0.1912980638427294 0.26771546551519326 0.42432856087237425 0.7947142930613283
214 2140 0.00019229879184680368 0.7968832417664868 0.006844069956944108 0.006844069956944108 0.03358951881708005 0.08355474643408635 0.12898269902837872 0.18535176349665866 0.2610462864313497 0.4213205551804045 0.7968832417664868
215 2150 0.00018050295304360345 0.7876915895180492 0.006538864688420558 0.006538864688420558 0.03292606518428556 0.08217394954370094 0.12563701599779864 0.18499355583170177 0.2565152619422104 0.39739128158115283 0.7876915895180492
216 2160 0.00017040374659438583 0.789375021880789 0.006323884208114215 0.006323884208114215 0.033197554000379326 0.07864460286112951 0.12608679502343315 0.1842368794121096 0.2502906869560217 0.3982674240320918 0.789375021880789
217 2170 0.00015842061290804018 0.8079094725848146 0.006446248509894884 0.006446248509894884 0.033079012927212555 0.07809672290895492 0.1229466284131478 0.17336643615680108 0.24415632991741343 0.40206139452684275 0.8079094725848146
218 2180 0.00014820360267616705 0.8022439927972469 0.006111450153725803 0.006111450153725803 0.03348751489178928 0.07676010208105502 0.12260247163756828 0.16997555681225554 0.23703846720469376 0.4016157441274306 0.8022439927972469
219 2190 0.00013092259560310975 0.8017965224239585 0.005997286584836287 0.005997286584836287 0.03233473357042047 0.07593257506782873 0.11976976860310054 0.16626103205877074 0.24117960734004487 0.40156994142490243 0.8017965224239585
220 2200 0.0001261657574695718 0.791664045863543 0.005982901229503322 0.005982901229503322 0.033492444236599785 0.07351513522951039 0.11675694865481183 0.16126232122936143 0.2382892265210061 0.39269079162042814 0.791664045863543
221 2210 0.00012877472459104307 0.7818806255615398 0.005741127475284248 0.005741127475284248 0.0336639985837483 0.0731628088930832 0.11784332571012573 0.15978520542259106 0.22622892890015905 0.39752798777289483 0.7818806255615398
222 2220 0.00011865749400128802 0.7812183221635651 0.005791790996691891 0.005791790996691891 0.033660825132028824 0.07036368041484428 0.11819120909032664 0.1602583589658302 0.21780458874174985 0.3974202085470971 0.7812183221635651
223 2230 0.00011195210994095093 0.783050718008691 0.005554230896244979 0.005554230896244979 0.03307427841663762 0.06937198200048941 0.11688965093092281 0.1576070151189022 0.21040407325862542 0.3915882788551237 0.783050718008691
224 2240 9.900154247965601e-05 0.790978106778119 0.0055100842790809885 0.0055100842790809885 0.032692497356356265 0.07271192471200932 0.1150517573481482 0.1471296816444826 0.20726166149564837 0.3702524495853168 0.790978106778119
225 2250 9.250260059796251e-05 0.7840837462146865 0.0054861769290392185 0.0054861769290392185 0.03275391283225665 0.07205610935024562 0.1134950141571213 0.1379965053796765 0.19789785953040315 0.3667073769719853 0.7840837462146865
226 2260 8.851174852953433e-05 0.8406406700418599 0.0052921450620945585 0.0052921450620945585 0.0314762169177132 0.07048283292694668 0.11501408408411003 0.13365810355371874 0.19440021673462896 0.3722070136172812 0.8406406700418599
227 2270 8.27070094696732e-05 0.8469308632073992 0.005021922260170731 0.005021922260170731 0.031210373061181268 0.07015483016809798 0.11543330819224404 0.1307395807445058 0.18986779324970388 0.3766675551357573 0.8469308632073992
228 2280 7.351841793980726e-05 0.8738166757126772 0.0048256388243862434 0.0048256388243862434 0.03093653302374578 0.06867578569815673 0.11723371531557675 0.12797807810505338 0.18718759839789562 0.36847960453719775 0.8738166757126772
229 2290 6.522836889320937e-05 0.8725202547315823 0.0048074577422731945 0.0048074577422731945 0.028445754755659663 0.06776920808776012 0.11277583067773318 0.12768960374712385 0.18534741121761117 0.36391458068690874 0.8725202547315823
230 2300 6.687946523957441e-05 0.8696685640043498 0.00465874516135131 0.00465874516135131 0.027598119879119837 0.06576526940647523 0.1103571762964353 0.12659841375121259 0.18808353146237355 0.34889933696854253 0.8696685640043498
231 2310 6.960987120790479e-05 0.91055178192288 0.004615087640564423 0.004615087640564423 0.027332381861531366 0.06647824164703882 0.10989091775881608 0.12466967851794235 0.18550757658834033 0.3376160692098762 0.91055178192288
232 2320 7.080017744377529e-05 0.9499520247449227 0.004556238854659567 0.004556238854659567 0.027103119356137823 0.06651466279597303 0.10933988345588692 0.12254596997727692 0.17566097795656677 0.33172190596680246 0.9499520247449227
233 2330 6.774335439686898e-05 1.0136994979095189 0.004514998351241202 0.004514998351241202 0.026878725812778104 0.0647422325569874 0.10749726006338067 0.11863935412215207 0.16852260409497546 0.3288798970441473 1.0136994979095189
234 2340 6.222295638633225e-05 1.0058183033395047 0.004433773952740249 0.004433773952740249 0.026819873423457742 0.06314315926964861 0.10527604757873635 0.11799285630997285 0.16422186535564784 0.32586086511170764 1.0058183033395047
235 2350 5.714668436232323e-05 0.9996849507352148 0.00441119475166911 0.00441119475166911 0.026561574668671324 0.06199048371678123 0.09980611517518638 0.11486740081724722 0.16617321564680335 0.3229208495086488 0.9996849507352148
236 2360 5.206203688161239e-05 0.9964074691917982 0.004221515824242259 0.004221515824242259 0.026626830347725366 0.0618475824513041 0.0969592860188791 0.11440327087685317 0.15993586433430557 0.3286443122316619 0.9964074691917982
237 2370 4.774914723534111e-05 1.0009050138175581 0.00414101302415999 0.00414101302415999 0.02634893217237254 0.058845079323538156 0.09657580530097336 0.11373116925202319 0.1581259147540317 0.312867042486583 1.0009050138175581
238 2380 4.3588843012767696e-05 0.9905505312105812 0.004080758250546742 0.004080758250546742 0.02477290348188119 0.056055758928937 0.09577680622175785 0.1140857619204874 0.15660917431087487 0.31377868445047774 0.9905505312105812
239 2390 3.7667968855399625e-05 0.9915906263273656 0.004003308760936394 0.004003308760936394 0.02352797191639441 0.05556535402292057 0.09411908835097904 0.11209438675108825 0.15690374715534441 0.31378045056427784 0.9915906263273656
240 2400 3.456644898727218e-05 1.0139409798027754 0.00398323671886232 0.00398323671886232 0.022351814329814684 0.05447653299152642 0.09320404191117375 0.10793197313830763 0.15237210939892729 0.30847327358178656 1.0139409798027754
241 2410 3.350544254303659e-05 1.0111149245211342 0.004014900282698278 0.004014900282698278 0.021480304571536595 0.05118923075879668 0.09248171275003125 0.10472139903420079 0.15275014736628434 0.3051441586304952 1.0111149245211342
242 2420 3.17678050237768e-05 1.0114003043804072 0.003928612614441368 0.003928612614441368 0.02117387468582436 0.05081081525435875 0.09259870513644312 0.10481890574315332 0.1462929204884581 0.29625955718717334 1.0114003043804072
243 2430 2.91188987128904e-05 1.0311199574499668 0.0037420263115266667 0.0037420263115266667 0.021075783442950868 0.04979133485079566 0.09087489131562719 0.1052281857666891 0.14411864740553215 0.2918648609867801 1.0311199574499668
244 2440 2.8932093929286048e-05 1.0390155600237765 0.003678128017318658 0.003678128017318658 0.020132504733554723 0.05002965093946781 0.0894010151615347 0.10413945019572397 0.13796700683976776 0.28932754630627716 1.0390155600237765
245 2450 2.641219292747278e-05 1.065912834010321 0.0037969080228918034 0.0037969080228918034 0.019091989324081786 0.049597114045506235 0.08759365763280583 0.10112363431725856 0.13931967137948176 0.2895696718511809 1.065912834010321
246 2460 2.314466975287257e-05 1.0683243056639633 0.003655157210514541 0.003655157210514541 0.018833716885973475 0.04968022334918328 0.08767693036844228 0.09907773541042333 0.1379914563364571 0.28586555639487765 1.0683243056639633
247 2470 1.9354352382985182e-05 1.0653364921125914 0.0035686109922522633 0.0035686109922522633 0.01823440213675932 0.05007230908404469 0.08469309709100872 0.09621951860441806 0.1347239215881359 0.2813229851378039 1.0653364921125914
248 2480 1.8400100432210908e-05 1.081768264240158 0.003550832629589538 0.003550832629589538 0.018133183877593224 0.04641911224395168 0.08417487621966664 0.09536815344738372 0.12934143480088262 0.27567109398687406 1.081768264240158
249 2490 1.6114954062620077e-05 1.1351323826310442 0.0035636067892745944 0.0035636067892745944 0.017558181060855 0.045288474937580925 0.0805156258718505 0.09197549271991892 0.12870102682813767 0.2753890866604069 1.1351323826310442
250 2500 1.5155222137650644e-05 1.1296731327234757 0.0035084992766136135 0.0035084992766136135 0.017239083252873953 0.044957217236592927 0.07982431467313546 0.09116450982455167 0.12225350743322742 0.2589056816186141 1.1296731327234757
251 2510 1.335864312862183e-05 1.1151725853944703 0.003497531416408411 0.003497531416408411 0.016852550525997108 0.042662478230537405 0.08125926084814693 0.08950627717531094 0.1221196279511634 0.24999648300673727 1.1151725853944703
252 2520 1.2410883676253907e-05 1.1071014502433005 0.0035099754995024856 0.0035099754995024856 0.016696152774934622 0.04237231380368005 0.08188410069677206 0.08987837684935929 0.1169090383870307 0.22501873863009805 1.1071014502433005
253 2530 1.2639216805348606e-05 1.0886937760627213 0.0034517963220772026 0.0034517963220772026 0.016459225803399976 0.0403460032929424 0.08212957864300668 0.08729548644746096 0.11586352007431551 0.2258226641316009 1.0886937760627213
254 2540 1.2581925577341227e-05 1.1005031730319743 0.003400188655428449 0.003400188655428449 0.017030430552537293 0.040426160016766265 0.08141186096725361 0.08385336735087301 0.11670028058686915 0.2323776184212143 1.1005031730319743
255 2550 1.2672756973351446e-05 1.1243648882934605 0.003351043873836006 0.003351043873836006 0.017004271280889393 0.03933461373030295 0.0782308773818059 0.08093794884816326 0.1157041815728357 0.23703995517644663 1.1243648882934605
256 2560 1.2064882824538621e-05 1.1388731370957017 0.003291978894015173 0.003291978894015173 0.016418149711559422 0.04021356635508923 0.07581335365551624 0.080411299731303 0.11232269859088916 0.24368143108171186 1.1388731370957017
257 2570 1.0986564924879231e-05 1.1887038261973542 0.003143601527403787 0.003143601527403787 0.016261049025595962 0.038993927661973356 0.07330371639449149 0.07953898363888642 0.11189862379809841 0.2410962813322503 1.1887038261973542
258 2580 1.00699103143912e-05 1.1621154520504413 0.003132228597010091 0.003132228597010091 0.01651062673378745 0.03760393667912739 0.07122964799115808 0.07960519120334311 0.10952257547998046 0.23935636704065058 1.1621154520504413
259 2590 8.350992974750618e-06 1.175773826613302 0.003140394600760731 0.003140394600760731 0.016840038331991287 0.037467569649139346 0.06640418301942021 0.07904712752170683 0.10674011021474386 0.2393916959614157 1.175773826613302
260 2600 8.705043075038384e-06 1.164675422345334 0.0030749534765349383 0.0030749534765349383 0.016505445182233437 0.03745141699709005 0.06397580504365612 0.07543589167287156 0.1045094232752212 0.23850186756359176 1.164675422345334
261 2610 8.824257895471453e-06 1.2431108693717359 0.0030428004321917477 0.0030428004321917477 0.01646224883114003 0.037611596357314495 0.06244411076652827 0.0740662374787571 0.10345449874167607 0.23197092977013542 1.2431108693717359
262 2620 8.324487448041143e-06 1.2634975052313369 0.0030458934234776276 0.0030458934234776276 0.016240270946037787 0.03781466220827392 0.060289521364528954 0.07282610388106467 0.10054845998582161 0.22617415394814347 1.2634975052313369
263 2630 7.784533480967271e-06 1.2669849637456239 0.003008993608367929 0.003008993608367929 0.016136740693343806 0.037570580546063874 0.05783112861179279 0.07182932252613691 0.1038521231361029 0.2172037638899929 1.2669849637456239
264 2640 7.3489865231270894e-06 1.2590507382859009 0.0029922347144529936 0.0029922347144529936 0.015314298984580253 0.03783588521900585 0.054804067251770394 0.07211143895112188 0.10293473051873887 0.21758414208294513 1.2590507382859009
265 2650 7.063928657002284e-06 1.2614384876960587 0.002895655550817031 0.002895655550817031 0.014679423133173698 0.03733798787279999 0.053370969544827264 0.07029318332488149 0.10421414049820446 0.2205986437352001 1.2614384876960587
266 2660 6.617197846147518e-06 1.2901243581590491 0.002798051753741591 0.002798051753741591 0.014542187654375944 0.037355073632485594 0.05249129077815407 0.07006244867964713 0.103829130798136 0.2102203420881946 1.2901243581590491
267 2670 5.861426446933219e-06 1.3097705235011505 0.0027792591488637556 0.0027792591488637556 0.0133415012528478 0.03847466997695816 0.05274848022039639 0.06971250595730924 0.10251769154529572 0.19692838052643716 1.3097705235011505
268 2680 5.8993379302370216e-06 1.2702394345603305 0.002843476637587712 0.002843476637587712 0.013125979694738669 0.03879124763018795 0.05060579173671748 0.06941926956708085 0.09782829898973612 0.19560180929155194 1.2702394345603305
269 2690 5.6468903169694564e-06 1.2574820663773543 0.0027031706991234262 0.0027031706991234262 0.013674493350394808 0.03779547573732343 0.048854489233575216 0.06759092215596325 0.10284550510345787 0.19692570984680816 1.2574820663773543
270 2700 5.419134779123128e-06 1.264749014311332 0.0026172848708582866 0.0026172848708582866 0.01384254681023587 0.0369944437183836 0.047873727669050695 0.06656689226460376 0.09955963312088116 0.19088874641848483 1.264749014311332
271 2710 5.349643925055234e-06 1.3084537336936881 0.0026471008536473085 0.0026471008536473085 0.013225807095219299 0.03619672359892474 0.04551997579410096 0.06618955192225576 0.0948815521741054 0.19040535687957116 1.3084537336936881
272 2720 4.938175417046677e-06 1.3287667305240531 0.002583061122027291 0.002583061122027291 0.013609392941893754 0.03515381440284638 0.04491710649637613 0.06307698841799027 0.09467652958668066 0.18515282372862202 1.3287667305240531
