% # columns="iteration, evaluation, sigma, beta, void,  sigvec==sigma_vec.scaling factors from diagonal decoding", seed=665382, Tue Aug 19 02:20:59 2025, <python>{}</python>
1 31 0.31376470779174676 1 0 0.9687817203629369 0.884110388982977 1.060640596592948 0.9252314112804777 1.1399822420578973 0.8614113483611784 0.8034253905709668 0.9439166230005892
2 62 0.27097694662541477 1 0 0.9356456650263937 0.7638925346107113 0.9305190926170137 0.8507316657320383 1.0416208503646354 0.7170802810003879 0.8534046031332005 0.8925870077628818
3 93 0.30242901663034893 1 0 0.9484688644468008 0.7700076732646564 1.0861818892536717 0.7805050372506368 1.0407553222991048 0.6395711745094654 0.7876162352516104 0.8899363876994436
4 124 0.36513415401578675 1 0 0.8521220478292916 0.7949867637042034 1.178384457279066 0.6996799761371816 0.9404125063463238 0.6005326191123184 0.9701291980400317 0.8619506166154997
5 155 0.4240051448428621 1 0 0.7245960714871342 0.8022595697595466 1.1640551164811772 0.7510652289718861 0.8294771399910442 0.6223030141329688 1.078362653680054 0.9294921936874841
6 186 0.4451687705657785 1 0 0.6421594009390688 0.7668137207945256 1.0353432635812092 0.8225208443779154 0.6848496462777309 0.625261779231672 1.0867678181259313 0.863911970168237
7 217 0.4750221389002353 1 0 0.6506232244395322 0.7441991407596655 0.8720765777775751 0.8081679690958283 0.6944346274829176 0.6059702124070221 1.164666879854605 0.8196135642533592
8 248 0.4556792613941279 1 0 0.687200287573326 0.6968859563606797 0.872490987180637 0.7775376546923317 0.8073481147058873 0.564276695351833 1.2056730753084837 0.8578191600511217
9 279 0.4157351101459881 1 0 0.6548278597290929 0.5416630175427619 0.8298155910087773 0.7894765444473272 0.8280332973391699 0.5729688668290657 1.1166100445923486 0.9206643395529508
10 310 0.4256827721508521 1 0 0.6687472618792444 0.627020057904986 0.826384863523855 0.7080609457220821 0.7870237562049599 0.5374487474960108 1.0394464136674995 0.9987357973019447
11 341 0.4345478236002608 1 0 0.7535676254588699 0.6028465001331756 0.8179738071428876 0.7380340425220506 0.8160973023796347 0.5351455794703585 1.1095347086259661 0.9299848278016561
12 372 0.4705297688692494 1 0 0.7501680040126505 0.587470721929806 0.7971988474646207 0.6891772970229872 0.7903548056317231 0.5719526397969458 1.0389547545725257 1.076414650620354
13 403 0.4408134126624748 1 0 0.7646274702488314 0.5873040888722507 0.8599128959269251 0.6502571272913356 0.7676763218420203 0.5940963783165804 0.9771331596850679 1.1221783937022232
14 434 0.47180371340426996 1 0 0.9775327987372129 0.6408166221846913 0.8445499744592372 0.5985756256183605 0.7889190136310656 0.566331409307483 0.9906889936694312 0.8999558664884872
15 465 0.49792260116841164 1 0 1.0498840817076351 0.5705071968391837 0.7692725825007728 0.5704046219691815 0.9379250698477778 0.579797840434477 0.9806261387697602 0.8212251534547429
16 496 0.4194190542720053 1 0 1.024070582287119 0.5143447476614814 0.7267259588080244 0.5804722829763522 0.996044037747925 0.6162908461091067 0.9425127537689825 0.823929655618027
17 527 0.3982617171998451 1 0 1.058960270338392 0.5517576157930922 0.7601034773321257 0.5800916922761348 1.0819169939083386 0.6463432598919011 0.8436140879551748 0.8586378768765249
18 558 0.4577267049529937 1 0 1.1004500382737918 0.5185170832750501 0.5599003991223672 0.5569329483826889 1.176674634937974 0.5757771076569367 0.9327851474672558 0.9354282160721831
19 589 0.4343254177554269 1 0 0.9776697495194114 0.5384830084643439 0.566814199455652 0.610876166294022 0.9991522146903522 0.5401343339808241 1.0346630623009112 0.860470434401449
20 620 0.4690773193075244 1 0 0.9277756167594892 0.580667848529759 0.6186696164622285 0.6370755412197454 0.980541403895919 0.6003557686701461 1.0981150250819054 0.8398280933269169
21 651 0.5232621404469356 1 0 1.004265644377828 0.5666674545411419 0.6155048814313626 0.6231328579564535 0.9429368269764483 0.7251469200763295 0.964207832568092 0.8102361397505305
22 682 0.5446227942060631 1 0 1.011465443739356 0.5353846886958655 0.5979555674301654 0.5657955286947127 0.9926078448940258 0.7346505632322022 0.9239125309617923 0.7918274728502199
23 713 0.5841681044879081 1 0 1.1076250063067086 0.5705215420852697 0.7257626386383479 0.5772407279798107 0.8595603323506309 0.7379648058322822 0.9653813891842566 0.8028777228100749
24 744 0.6692511695603999 1 0 1.093019837497057 0.5659908528214499 0.6930541919737208 0.5281113825548237 0.8073807560044258 0.8930781586138316 0.8939391486950733 0.7801876595068384
25 775 0.7230351280703019 1 0 1.2571710433840968 0.5239594285347737 0.6756586834758959 0.5315447020093728 0.8650887493023893 0.9277707479976567 1.0301010764013228 0.7751447126446421
26 806 0.7579052704715296 1 0 1.3141203426758528 0.5387351925785194 0.6451095596909424 0.5615161522411367 0.9199697482180633 0.9399886248022987 0.9325799003439142 0.6724982316439637
27 837 0.7931205301076251 1 0 1.2731183005845526 0.437991179211792 0.5930715424533669 0.6428659796769223 0.9306070392229606 0.8018916077079603 0.8637563471038617 0.6501358232168594
28 868 0.7907380362850703 1 0 1.185347302193325 0.42140062032273223 0.6078464715024131 0.5913729488758266 0.9590943382965703 0.7412991130359508 0.8808118408243722 0.6057868076785315
29 899 0.9302668298838529 1 0 1.6642846893562606 0.416761822716315 0.5957771460729129 0.5758383287790347 0.7989649470257499 0.7120801703061017 0.9101950672975021 0.6805730378361969
30 930 0.8343479090311775 1 0 1.7296119882746372 0.4018196389185484 0.5170985879511517 0.5603231989861924 0.7254824450775248 0.5296591862736548 0.8691217768688988 0.5597790577048428
31 961 0.7835618878367248 1 0 1.564658467214678 0.3679358002607096 0.5006116566520936 0.533217416688412 0.7633987268373342 0.457743776086321 1.068840813510819 0.5628995410568438
32 992 0.7917085855762843 1 0 1.5021716251006723 0.3821971532614798 0.48881918716810596 0.5854923406311191 0.7539823354178232 0.4555754366851219 1.1466368914020937 0.5835872485007326
33 1023 0.7280426126492581 1 0 1.253608736612349 0.3460429562333827 0.4550196789866268 0.6123954658704215 0.7963685837970497 0.44211899336816474 1.1791739323272021 0.6106213928216593
34 1054 0.7681191899096181 1 0 1.2819651815265716 0.3418959802358992 0.40970103002298885 0.5890859374079407 0.7952570013679436 0.3729616739329876 1.4119146142644876 0.6065782378250528
35 1085 0.7651897700814039 1 0 1.36539364810237 0.3285958673863454 0.418750265512686 0.6002032292873327 0.7852143978703447 0.34213136357518237 1.5498345710622505 0.5924114999644127
36 1116 0.7018459818262485 1 0 1.4220923316520646 0.3441440289996788 0.34990168226693585 0.49538768850432 0.7679454052941613 0.3598641417965224 1.3884307451769062 0.5640732842303209
37 1147 0.7306257768916393 1 0 1.255087024555604 0.38015072460614663 0.3693078293660913 0.49782955645486154 0.7113159267153067 0.3490033582348217 1.6027765184600007 0.4989687442496735
38 1178 0.9099322552781874 1 0 1.2483296158874673 0.36679440889107834 0.35175751629269236 0.5253803890836147 0.7596002487703074 0.34793263909281186 1.6941293444338132 0.4836432507370783
39 1209 1.0850435389924387 1 0 1.367574656619017 0.3874200377921989 0.2965769604817629 0.5506300079641503 0.7724849825750273 0.42704178398660986 1.575554053596986 0.4356309974556986
40 1240 1.1087061301809527 1 0 1.185994348512919 0.41720959325162554 0.3457485925997517 0.5459776494061483 0.6820180797135872 0.43032366501935837 1.5538285935624534 0.4534327187416909
41 1271 1.1989759246478215 1 0 1.39979980255859 0.44204340071175796 0.37903122937033584 0.5878461371894954 0.7061233205879157 0.3774309698814123 1.402241130386982 0.47719627466297826
42 1302 1.0355602369966694 1 0 1.4513492577548195 0.44621921158663996 0.3705469990902073 0.5562103858501493 0.6749640799757302 0.3603223865697058 1.2251650380476327 0.4640377967810586
43 1333 0.9035870425207162 1 0 1.2431800747598278 0.41774959713738846 0.4190743525675405 0.5545349615444372 0.7324432081244913 0.32794857434463254 1.0666670593338003 0.4297090532262419
44 1364 0.8272435830432285 1 0 0.9966124980985609 0.4238525451917699 0.41720213717100746 0.5971837008288322 0.8189139020305418 0.3058899368549654 0.9814898382514449 0.44986253412410154
45 1395 0.7238175261938963 1 0 0.8798124317575197 0.4334042924964213 0.3859427954934299 0.5278616911298372 0.7827741488217852 0.3266494411814741 0.9223106910007041 0.40288607225127676
46 1426 0.7039378645668047 1 0 0.842009977593569 0.41925134843266937 0.33045005322370713 0.5499394165008359 0.8547633659000495 0.4132941582316308 0.914004884068582 0.42174927379980215
47 1457 0.7664409414219998 1 0 0.7760612696648913 0.4944015429025577 0.3179005042873977 0.5613715175784681 0.8286111017523976 0.482016565586775 0.8351685826752722 0.41910367700029433
48 1488 0.7614286642656638 1 0 0.7547048886458971 0.4611963843718011 0.29076975994052356 0.5405837261974874 0.7455425371522092 0.44683768452892525 0.8412346999045333 0.4202086720619594
49 1519 0.7200617820743381 1 0 0.6880462888206205 0.4397733961409257 0.26918968557167333 0.4802334982565991 0.7676665478932545 0.47921244655346174 0.7534269483419699 0.41226265376628235
50 1550 0.72202194151182 1 0 0.7708302084920993 0.3860467138572324 0.24774997597679768 0.4627673276936225 0.7386541834897266 0.4543702026020459 0.7250209535950448 0.40616277152408875
51 1581 0.628971275753005 1 0 0.7628701880402479 0.3920960766521488 0.25952727819543525 0.41255135466084736 0.6582322524492907 0.4562030104256205 0.673948232131434 0.3980826567800373
52 1612 0.6977760233761491 1 0 0.9352618783748706 0.3791676880754333 0.28453527705098697 0.36612980448330296 0.661223669999945 0.45550200174039307 0.8311961015739823 0.3922717140692693
53 1643 0.7814496570730902 1 0 0.8180499614335469 0.3448622110997367 0.303691025174136 0.3343135893734721 0.6794844125683257 0.44217994653482057 0.8302162103563622 0.37538298178595914
54 1674 0.7349158154765252 1 0 0.8242619223729213 0.375320289604661 0.30649354555459435 0.3377309289703109 0.6375365223480145 0.5163995113474644 0.7730931366692105 0.3834710305459602
55 1705 0.7026863169431556 1 0 0.7730098742254463 0.34688022448927774 0.2997657828935242 0.35650961041674484 0.5983445795477357 0.502726479425901 0.7736918993242836 0.3725375966593454
56 1736 0.6340888199177536 1 0 0.7539980488498272 0.3266110311039982 0.26978788589396396 0.36750842627303587 0.6023706938412692 0.5228074088133301 0.7009033075093783 0.33537438830541155
57 1767 0.5983086591754522 1 0 0.7068707546826208 0.31865119501011485 0.25861417720188656 0.37826294161111745 0.5713728494326423 0.5449878993765767 0.6888087951174995 0.35833369367394646
58 1798 0.5269975369569296 1 0 0.6507249244045442 0.34514162192683634 0.2503261930106321 0.3816563012704063 0.5688713637422156 0.5430194650407484 0.6848186018946748 0.36517472101289905
59 1829 0.5020971740055827 1 0 0.6360878258030849 0.32843885077045065 0.2652309593430503 0.38280914454795417 0.5611310249663332 0.5016789337221447 0.6576311849942748 0.403161698067079
60 1860 0.5037534387582441 1 0 0.6379973529166602 0.30298598812488453 0.2626541236859526 0.3637745107889747 0.42221610034369617 0.49951814453495647 0.5764472409930744 0.4385183316633346
61 1891 0.4793861566182123 1 0 0.6507449978982017 0.2918759626629091 0.25645830152442917 0.37564267948583685 0.504132204591365 0.448576892197149 0.5665733571771884 0.4154134632897979
62 1922 0.5950832690094014 1 0 0.6707955208415567 0.33656997267011507 0.2097058681487694 0.4003928191895056 0.5687585940168256 0.600193736796807 0.5732517858894323 0.4456333294350433
63 1953 0.6644396448938521 1 0 0.6107473234743911 0.35422854952658284 0.2133443599503462 0.39560350532098343 0.6155425691811335 0.5450010838652731 0.5338810107647315 0.38593309256250863
64 1984 0.6062301803054012 1 0 0.6646004073079189 0.38351716765610644 0.1854315171373663 0.4416340831655054 0.5716708748916947 0.53608817276152 0.49321045843450795 0.38550624301501435
65 2015 0.6330425529937601 1 0 0.5041202587009459 0.38505007512820855 0.1849128212711318 0.3847761550925887 0.6544591672474136 0.5493527290157648 0.4160937880569865 0.4166844777684617
66 2046 0.5832119911318735 1 0 0.48343262436223544 0.3426938709147165 0.17317593297743192 0.3860325273267438 0.5986392699344434 0.4873982516744684 0.4481575333847903 0.39757124747118805
67 2077 0.5561458196368093 1 0 0.4342824007009598 0.35508488352847756 0.15809870999892972 0.3922573063802455 0.6217964199858311 0.4481595778456868 0.4262755784802624 0.3751184006882846
68 2108 0.5038378051514886 1 0 0.386842462797295 0.36035112911628775 0.13678882043027382 0.3995254087368827 0.611983281332791 0.47167545166441166 0.4267868601670473 0.3794953737666334
69 2139 0.4695648651247087 1 0 0.29876869998398425 0.3787461167810503 0.13008497846615466 0.40202092978680787 0.6705477207507391 0.41034021103877205 0.4117728459372888 0.3850353679402203
70 2170 0.49775256176906524 1 0 0.2566729809235478 0.4201886184452772 0.12280581458155673 0.41076113615777843 0.670836032967014 0.4161474442648729 0.39800867557935893 0.432444278894573
71 2201 0.5128757148657505 1 0 0.24834782841276712 0.41026115126896867 0.1466114823892945 0.47509428631399 0.7357634772352737 0.39845219510449426 0.41598154542046223 0.4874049580807183
72 2232 0.5279192061928887 1 0 0.20997973310669457 0.485250699477396 0.1511314256059532 0.439660339810991 0.6914450234366457 0.36196635228124263 0.3385413974733082 0.5762005769203683
73 2263 0.45127895065491896 1 0 0.18822446558272757 0.4534779326663714 0.14102040801135654 0.4518950639804754 0.6982806261633641 0.3656670277292272 0.3528932289309854 0.5480246774584336
