% # columns="iteration, evaluation, void, void, void, xmean", seed=582069, Mon Aug 18 02:47:53 2025, <python>{}</python> # scaling_of_variables: 1, typical_x: 0
1 47 0 0 0 0.1616136923574247 0.7737156336708213 0.6490534789582406 0.8902833062070319 0.30010592264605196 2.9418895517836408 3.2462679604892886 0.35025083387193856
2 94 0 0 0 0.2014095047614586 0.7266525545424506 0.5924983865046302 0.8875931014567094 0.37277398712707543 2.975500121662342 3.302421806709135 0.4393114087120522
3 141 0 0 0 0.28792113572119016 0.7378077175691957 0.493364247810521 0.8166199267137688 0.4719044599475471 3.1138524690458014 3.3190023172765 0.48961815284732296
4 188 0 0 0 0.24157451679037975 0.8326700595706608 0.373009173714038 0.7625014060039831 0.4304711565126497 3.0796265274422323 3.41574573688474 0.49307049555819527
5 235 0 0 0 0.25800501158381506 0.7561116789956016 0.3314325722187878 0.723414511671571 0.43511253654565424 3.0183863909812265 3.4815799065273354 0.4662906467634189
6 282 0 0 0 0.19473548187595965 0.7875028895996268 0.41001863218592177 0.7258148689017222 0.47079826804779745 3.071172991047799 3.4919640474773073 0.5611366784162499
7 329 0 0 0 0.19171796747965555 0.8009605138659357 0.28100998328960874 0.7831907096463376 0.5200417935896684 3.31865581374031 3.3976404893672103 0.5314925472999128
8 376 0 0 0 0.1691575718370592 0.796663822092891 0.3965582489250836 0.7605975916313019 0.5812204516376761 3.215093637312741 3.3675562641542958 0.6168835217450959
9 423 0 0 0 0.0827203159047445 0.8077547398153084 0.37783640865417034 0.7643577602791485 0.685607467499285 3.4246471263846545 3.359732160788382 0.6548898832706851
10 470 0 0 0 -0.0006105850503664283 0.8159407698638936 0.36868827592508513 0.7699935552945845 0.681162196191343 3.305979495349902 3.3525354911109826 0.6511805373869455
11 517 0 0 0 -0.13006833303611398 0.8223253954628124 0.36120061462347597 0.7248232863901722 0.700135235892611 3.462400860885302 3.364768277426211 0.603202512645005
12 564 0 0 0 -0.24159731160748074 0.7216846069092049 0.28884162162054233 0.7117685224881611 0.6679143938997673 3.5850911843155404 3.3742919111847227 0.5861353202683363
13 611 0 0 0 -0.22570670000275977 0.7463754373210535 0.3489341610469701 0.7247164776297881 0.634454840617429 3.676613167723891 3.3897919239457273 0.6058422644751619
14 658 0 0 0 -0.2170317244289975 0.7513526151408979 0.34819337866976335 0.723177871484607 0.6648243714306654 3.845313107714632 3.4937537620814907 0.5437466875241862
15 705 0 0 0 -0.08843092298129429 0.7574861967717039 0.38212789086986076 0.7044836479985352 0.7007138362716834 4.067302462663576 3.3497266722845174 0.5945579747884735
16 752 0 0 0 -0.08002734501048687 0.7133958657909996 0.4086459028782879 0.7472532033711353 0.6600184065912726 4.065479339504802 3.323061228245277 0.6266342399289344
17 799 0 0 0 0.023081309832277578 0.6011115429787249 0.36547756313050905 0.801036732022745 0.6902243440428795 4.062026127444166 3.321751414465165 0.6286731946317649
18 846 0 0 0 -0.10504343401061877 0.611604469344793 0.4629868260013121 0.8082808666580474 0.7169091789313679 4.054611383418555 3.337070611265973 0.6199907936340429
19 893 0 0 0 -0.09891667775423593 0.6656006539057108 0.4427916915781886 0.8191503543669134 0.7340957470671814 4.038504036055581 3.380045181043801 0.6265572797786524
20 940 0 0 0 -0.1192880324545768 0.6583134724859961 0.44892124121538635 0.8644825046829555 0.7155512145241086 4.028383194318469 3.322543961562603 0.6371875812999693
21 987 0 0 0 -0.07139926405099589 0.607882965355173 0.3942345226869276 0.8670950553721934 0.714299131351233 4.044209058921339 3.3886998813406937 0.6293251926141887
22 1034 0 0 0 0.003975129872121458 0.6652678000996675 0.33867752029983816 0.8971631193489377 0.6923272020733447 4.077804048365844 3.405718892647921 0.6676596989985703
23 1081 0 0 0 0.11911449206687985 0.6815533525507673 0.33520566335184904 0.8909069631011305 0.6877369001979595 3.968328557661601 3.4298497617010497 0.6807676954053387
24 1128 0 0 0 0.026939339154789164 0.7445070896831711 0.24745511920782143 0.8955752809718883 0.6986024250201588 3.964570953944902 3.4422022399836 0.6945508176953924
25 1175 0 0 0 -0.08446769039714849 0.7084896687337261 0.2418308349689462 0.9616670012579647 0.6888380185945157 3.909360479934572 3.4885266497279748 0.6950281077736065
26 1222 0 0 0 -0.04065015210309231 0.7981805060687478 0.21628361824651549 0.9791241891621576 0.6786148926389596 3.9174075899947653 3.4637484017538567 0.6741434229127161
27 1269 0 0 0 0.12640317439388812 0.806947649540028 0.21442728615391962 0.9675890096004065 0.6751604720192932 3.8099825912357854 3.45040895575476 0.6796221753206718
28 1316 0 0 0 0.08392796192526786 0.7494061436340883 0.2376729375014261 0.9931644486348682 0.6699786608665553 3.7162171454998774 3.4676043732485473 0.6452285055252117
29 1363 0 0 0 0.16859404741362657 0.7364483160758792 0.279692424741274 0.9391324486113505 0.6903072050741236 3.691936267096229 3.4661321353762564 0.6455806680461871
30 1410 0 0 0 0.1820924926330241 0.7333680642122085 0.28293271296494193 0.8980462133491743 0.6846818404026783 3.709734687357153 3.487780789784823 0.6582181201976685
31 1457 0 0 0 0.24977236487961166 0.7697033616752045 0.23834431873348136 0.9232802421336933 0.6640845396451119 3.6749997116219855 3.494810396732473 0.653237121137486
32 1504 0 0 0 0.31854440917147864 0.7739101075497995 0.2245880006828303 0.9736553216727296 0.6745094036238801 3.487517522594304 3.5499799096275972 0.6330540645948458
33 1551 0 0 0 0.22979889955285876 0.8187799195150207 0.21662553033256482 1.0041978156783218 0.6689522380512833 3.239213015254023 3.5442271942474073 0.5950217047254198
34 1598 0 0 0 0.12571855743143587 0.9041430558960174 0.20832209444578895 1.0189129900325824 0.6922595576880516 3.2555594801755716 3.510279052570513 0.6420387878419738
35 1645 0 0 0 0.08816197947000798 0.91269021969513 0.22926091102196913 0.9865407243978517 0.7010621976779496 3.1900479196273426 3.497783035936446 0.6158748061019834
36 1692 0 0 0 0.1630707952813669 0.9274424320365978 0.24613025240170913 0.9776874207916323 0.6911931414713386 3.26732585543387 3.4757353696868187 0.5903928516017672
37 1739 0 0 0 0.11224518695751921 0.9268132766656609 0.27098333706457783 0.943681151121138 0.6741168796908197 3.179257614939858 3.4724582895670717 0.6097004696896091
38 1786 0 0 0 0.0338989076879082 0.9514534014257013 0.23214137096522103 0.9480853734314404 0.6763564225879537 3.0655175752288737 3.403352237786207 0.6330971007837705
39 1833 0 0 0 -0.07052337072721146 0.9317836593339751 0.18856838258492034 1.0139566271937028 0.6781151907690608 3.027332960016235 3.4082428045483986 0.6330827752160987
40 1880 0 0 0 -0.06637560682588804 0.916296304554034 0.1886120273382312 0.9737406732623172 0.6491079235612766 3.0196592071807147 3.373327660380724 0.654273768156789
41 1927 0 0 0 -0.17434700306622614 0.9151663948822711 0.1717688741797805 0.9316773152275543 0.6822327385933665 2.9386742645261252 3.3954735792845216 0.628321266915338
42 1974 0 0 0 -0.1829692368470744 0.9697799292719065 0.20884912605392125 0.8882144595646608 0.665504902257661 3.0386909734056036 3.4088571163956964 0.6411647516836827
43 2021 0 0 0 -0.1456310247862061 0.9749230153874745 0.24522911535662162 0.8401847729186277 0.6465987374014517 3.0875679949932686 3.436231882219679 0.6207962167300909
44 2068 0 0 0 -0.18022405166213853 0.9654800555660161 0.2296014627539633 0.8871745097067595 0.6619191807419574 3.330705580302024 3.454276714698725 0.6482440174841204
45 2115 0 0 0 -0.14736534237027776 0.9881305805507019 0.2072445730228678 0.9029054774937512 0.682075878870638 3.292129435674204 3.4196914277026695 0.6654098856939243
46 2162 0 0 0 -0.18933563954851276 0.9863787950945625 0.1965534603119568 0.8616276566945693 0.6544531710134224 3.330957525797744 3.388610099186937 0.6581171438982368
47 2209 0 0 0 -0.27874138714847546 0.9646958786927636 0.192269478377441 0.8578662074751717 0.6366375857506638 3.4498109729170596 3.392627358852441 0.678221232344702
48 2256 0 0 0 -0.2757072946989775 0.9771084124649648 0.18107282502563773 0.8276792536551529 0.6532992253857988 3.5018757850364404 3.346357822102775 0.6887463019384775
49 2303 0 0 0 -0.3226864421459204 1.0156920402189324 0.18337491346486937 0.8043044610560082 0.6562401070761891 3.647195041551661 3.385196616384068 0.7032780186677242
50 2350 0 0 0 -0.3713334864547508 0.9728773189616892 0.1838638403232432 0.7959408497390986 0.6620130992495293 3.4804648414142783 3.348734177500862 0.6833411022374221
51 2397 0 0 0 -0.3733042933359069 0.9488038463900057 0.19782955941025668 0.7891989955963538 0.688449017933887 3.420508671303703 3.314330914736258 0.6500300961001583
52 2444 0 0 0 -0.44019259275518335 0.9561398574304169 0.21178312527318915 0.7720321300146066 0.6741144783870421 3.129076033289264 3.3471903926052113 0.6421673861053756
53 2491 0 0 0 -0.4378304800753392 0.9020297303259079 0.2268604582542225 0.8118381984583048 0.6703810384297991 3.297046185130428 3.2763464113800542 0.6053914464745644
54 2538 0 0 0 -0.3420501339139433 0.9029272043888319 0.23954767623274373 0.7680883702848884 0.6927294425723336 3.1182995545582735 3.3433468562587447 0.6222278913043983
55 2585 0 0 0 -0.3980095678705684 0.8858700899918369 0.2189824447770971 0.7884497688058025 0.6737521700368683 2.8690304167803107 3.3608153644626344 0.6377118866478253
56 2632 0 0 0 -0.3883063438635118 0.8594983326504549 0.19319234678777145 0.8275323408149681 0.6696772234687044 2.99038564942069 3.4052208507100734 0.6510137355332892
57 2679 0 0 0 -0.42343585309835957 0.8003771024323644 0.19739028948298337 0.8082120346640633 0.6890369859327529 2.855674074198296 3.4181962310059153 0.6737438376979517
58 2726 0 0 0 -0.40210827758490386 0.8008444205752461 0.17446268069743623 0.790068928328926 0.682280366303092 2.6852757275017427 3.391583800388829 0.6796709213569866
59 2773 0 0 0 -0.3546520462952011 0.8542387116322455 0.16591485336718517 0.8317462163499096 0.6856897540920993 2.7790303926371753 3.3738650807825357 0.6786934260627868
60 2820 0 0 0 -0.416689750392556 0.8576822358505485 0.15430004893215854 0.8188986222955239 0.6703196233873671 2.542908634866513 3.3735389534558555 0.6690619983024519
61 2867 0 0 0 -0.46906978794628457 0.8905958701751323 0.15836430802961912 0.7891775800815874 0.6692381783412563 2.486337347451949 3.363990608271222 0.674333999889491
62 2914 0 0 0 -0.5838443229041202 0.8480487222259221 0.15168805053853002 0.8185732350621441 0.6797366680443349 2.3001523667024215 3.405205352952639 0.6879880476255826
63 2961 0 0 0 -0.6472890898241406 0.8765766270465304 0.13741612841683756 0.7962269457829528 0.7034623593317993 2.549027378420118 3.4375654887789766 0.6984197954394128
64 3008 0 0 0 -0.6260586329838762 0.8858086314258113 0.12257992580472003 0.791160692660535 0.7005376605933087 2.39600619838658 3.4568065252782216 0.7063827951987164
65 3055 0 0 0 -0.7245169834304199 0.8783104490860967 0.1214825907968781 0.8028121684402846 0.6948656222705129 2.3076583361601974 3.4799258896015663 0.6786418208005883
66 3102 0 0 0 -0.7219552982887482 0.8907485717865498 0.13086901721832342 0.8002449772745928 0.701026691542241 2.3839623396986407 3.5051087860577756 0.6770741302979367
67 3149 0 0 0 -0.7591291787957346 0.8946185815474439 0.14821802504777054 0.8015040860279853 0.7114571054928027 2.0433901033269386 3.5475836331930344 0.6587510478806555
68 3196 0 0 0 -0.7746446242843256 0.9350543096836036 0.14205413447839565 0.8049563263572359 0.7022186063244306 1.98020811545509 3.574965144744296 0.6933133134663654
69 3243 0 0 0 -0.6815336221783372 0.905207874493455 0.13391376300063254 0.8091179383069264 0.6928661304611557 1.5893127348998495 3.6095513539468245 0.6551361367954737
70 3290 0 0 0 -0.628953884235896 0.9030114123719651 0.14762108388468348 0.8192143607850711 0.6811828168065724 1.3173328468071799 3.6377228400034656 0.6485306158850516
71 3337 0 0 0 -0.7939766121754276 0.8672347733093734 0.15758901917098067 0.8302000285642982 0.6846810242926156 1.3094750391374987 3.6613307622196425 0.6458947470710574
72 3384 0 0 0 -0.744137468836945 0.8375964505307918 0.1855459836180681 0.7966555314487304 0.6839266422343013 1.4454893875990062 3.696341960213041 0.6238599627167498
73 3431 0 0 0 -0.9478507798359048 0.8074593770186589 0.1684380026087072 0.7654160214953869 0.6873402448527628 1.5711758406850542 3.704376351355807 0.6330429298376424
74 3478 0 0 0 -0.9370940865967281 0.8788936726136186 0.178269564095391 0.8028049757005479 0.6932286568229095 1.631087771726484 3.587839297958801 0.6215252596351901
75 3525 0 0 0 -1.0734322417836124 0.8529846969246585 0.17996161406395933 0.7861024721561896 0.6903160739087676 1.848278735141262 3.5772984766434246 0.6144593684251111
76 3572 0 0 0 -1.1070305880456188 0.8992158472192442 0.1721481294365415 0.8022404665308003 0.6807813707225324 1.7869947392748018 3.544989718600229 0.6317137823464233
77 3619 0 0 0 -1.1633226808425763 0.8595813649120421 0.16966609014887724 0.8283640967529261 0.6886948868873879 1.7230034461685708 3.4753470948424634 0.6347630585325411
78 3666 0 0 0 -1.309545552909946 0.8535991075634412 0.16721026834352726 0.7928828003814951 0.6893097802790572 1.5565703505213304 3.456264847186916 0.6186887837966631
79 3713 0 0 0 -1.2997508414631012 0.8372321517872284 0.15156436719655855 0.7835044776174257 0.6883586549620193 1.5643412709689 3.393247950447142 0.6224541180789908
80 3760 0 0 0 -1.218056099544727 0.8143507191394883 0.16392359980188898 0.7890095396912546 0.6894299735612898 1.8438143088560854 3.4882276257091096 0.6004867256218678
81 3807 0 0 0 -1.2200102458482678 0.8051690241211478 0.14503481475904853 0.7812208544784356 0.6932995491426479 1.8179241923529879 3.5339418220120713 0.5982104172016932
82 3854 0 0 0 -1.0835840467296798 0.7977697240392695 0.14723522641022177 0.791329263537515 0.7056128124260913 1.8653759248354975 3.545994350052226 0.5904345972529487
83 3901 0 0 0 -0.9745726157897748 0.8011040277645657 0.13546165417461598 0.7814168613850224 0.7086130668973344 1.8934406712682865 3.5882032609526058 0.5993735139962239
84 3948 0 0 0 -0.8961442024158988 0.8046566928048949 0.1413497975575527 0.7711183721272376 0.709859992564531 2.017362522284952 3.6201770745623287 0.6383037588101288
85 3995 0 0 0 -0.8526744149578042 0.7977648209288222 0.12757430379136256 0.7842439650825288 0.7107410122077885 1.8718292896512738 3.716120825990492 0.6138943841805071
86 4042 0 0 0 -0.8140625751258688 0.8050839622539423 0.11699367307991981 0.7648178013972211 0.7030612000489225 1.869843035688438 3.734963306676599 0.5967247609438369
87 4089 0 0 0 -0.8380329862906037 0.8168465958930464 0.12424030720680611 0.7467701493895139 0.6980838347187248 1.7781421912843138 4.063838559198118 0.6324779534316108
88 4136 0 0 0 -0.7270039562264218 0.8372273398470493 0.10848360659677848 0.7435180972101327 0.7033363563845448 1.6293879568770289 3.9564864603103445 0.6539552658746349
89 4183 0 0 0 -0.8685013981650713 0.852692753069433 0.11086156586451652 0.7685422183578211 0.6958998201033408 1.3559547528073277 3.803913997540297 0.6811116495413746
90 4230 0 0 0 -0.9746653075876159 0.8889398959091273 0.1152091094751593 0.7737722817070829 0.676783000121147 1.2425694568590773 3.954048712249765 0.6846266183316172
91 4277 0 0 0 -0.8214734281802223 0.8799975341740297 0.11174331069402335 0.7583521978173815 0.6804958357098707 1.4351423573098774 3.89542741447281 0.677513188950877
92 4324 0 0 0 -0.962220837361516 0.8769252308316836 0.11164126344334013 0.7505889868757154 0.6609826336747966 1.7480428963774404 4.103270519146819 0.7090180486710433
93 4371 0 0 0 -1.0244972849050398 0.8443139567884936 0.1206718145562402 0.7358994473102106 0.6718431825633074 1.8709860614686915 4.211427357613066 0.7377136003715836
94 4418 0 0 0 -1.1072343725442033 0.8003621088764636 0.10621096420886618 0.7417643760599835 0.6940286669531939 1.4603442780380311 4.493006888530846 0.7628664649648889
95 4465 0 0 0 -1.033586788440385 0.8383088207615008 0.1222205600392296 0.7392820363173869 0.6972985962615416 1.2628771335761881 4.8675179205155805 0.8006604707423619
96 4512 0 0 0 -1.052446996421543 0.8657920137524427 0.1017621386286852 0.7413762793510793 0.7140768593958454 1.2405496092240644 4.639444601203413 0.9035655449399806
97 4559 0 0 0 -1.0663168128844267 0.8363163542210049 0.08649546854809033 0.7475208549486332 0.7300167905380682 1.0694270037135647 4.886598582258802 0.7841864053131326
98 4606 0 0 0 -0.8215417269301851 0.8185790403450747 0.07904259792988488 0.7688852391934246 0.7119735801088359 0.8754253238357594 4.905161846760043 0.814279424212034
99 4653 0 0 0 -0.5957426941403162 0.8069732375263858 0.09469144831428382 0.7623748833751781 0.6668056740436963 0.9948752724561278 4.792051806374432 0.8426928829244221
100 4700 0 0 0 -0.7660060276322034 0.8060579599472414 0.10936789798340042 0.7280173201204093 0.6576432884210478 1.037348354406537 5.018368359187158 0.8139252203934684
101 4747 0 0 0 -0.8947668815681321 0.7734490059579803 0.12920351594328802 0.7129087801148088 0.6748692644899354 1.0260436882366404 4.897325185456774 0.7973084588092061
102 4794 0 0 0 -0.8670592690470057 0.7884228436771044 0.13232006442846994 0.6902330700264356 0.6513673575992489 1.014122794119834 4.708380210839548 0.8343262391651316
103 4841 0 0 0 -0.8720116242514354 0.7663819699034801 0.14523344410730818 0.7061616346840893 0.6535494558764808 1.1429832623368026 4.597438905336434 0.819010389552397
104 4888 0 0 0 -0.8155995375613145 0.7431658121247904 0.14797099810390368 0.6852941364839903 0.6526684748612497 1.1569261521331773 4.529582796260805 0.7875129540186713
105 4935 0 0 0 -0.9116289703953866 0.7467533497521489 0.1633988601424272 0.6673419721770193 0.6487378601892771 1.1098026678764388 4.565224487481257 0.7559860444059431
106 4982 0 0 0 -0.9249105191644127 0.7163722214340134 0.13180850881546666 0.6714914657813258 0.6750757624500054 1.2444320408437843 4.6319262954027165 0.7849558723329184
107 5029 0 0 0 -0.8045761852120318 0.7234370924628639 0.13054932319290105 0.6691460238671763 0.7106057134788245 1.2696011747112825 4.6820283387586334 0.7487819120472893
108 5076 0 0 0 -0.8088029604892202 0.7178108325520055 0.12822533916537798 0.688814987048221 0.6997505907074534 1.26565579195044 4.700710166586684 0.7333228908505106
109 5123 0 0 0 -0.698015066860168 0.7139014999852433 0.14039366043670495 0.6748052255773644 0.6903790312152577 1.1977747741524494 4.6084330407525265 0.7116515930778865
110 5170 0 0 0 -0.7956502449233538 0.7421593848679068 0.1383667599807671 0.6729545419297809 0.6740385251150243 1.1306220712496728 4.59813060716767 0.6757315057860026
111 5217 0 0 0 -0.9568313370692553 0.7136860507811718 0.12270944509676845 0.7045352136785589 0.6867108872667308 1.119998153289487 4.534905007547473 0.6901572582244786
112 5264 0 0 0 -0.8598462135003905 0.6742959122620129 0.113341914899397 0.7028965514548678 0.6951362131860194 1.066701372546883 4.613880697596957 0.6811845347664802
113 5311 0 0 0 -0.9644058578468854 0.7187043139864034 0.1095263433671455 0.6717622260416658 0.7178153075996913 1.0697956844007979 4.537514971814662 0.6487642219893147
114 5358 0 0 0 -1.0572234627389883 0.752329157421192 0.11742345040228659 0.6951714051397431 0.7054681591579285 1.0088001493430723 4.517155106144943 0.646518370249675
115 5405 0 0 0 -1.0961419804995565 0.7009919411673898 0.09522787880265843 0.6872311661451956 0.6809383638352753 0.948229485864798 4.331102607688113 0.6388620848351696
116 5452 0 0 0 -1.1752569061760703 0.6408220815858104 0.09958739515097804 0.7088823311708552 0.6643936854852982 0.9370489778833152 4.346805156635453 0.621595806770377
117 5499 0 0 0 -1.3147742641128068 0.6552344891285807 0.09043300328069073 0.716994807614411 0.6615363300727308 1.0924420170149225 4.297342538373945 0.6826742574200064
118 5546 0 0 0 -1.5363394361372134 0.6052355630124071 0.08641313936808695 0.7211152727718564 0.6568674191241082 1.1904010439922976 4.206336210895732 0.6468300608155879
119 5593 0 0 0 -1.4203068612067058 0.5235680188305107 0.08581451979317943 0.695190328938876 0.692007438539815 1.2454059219345261 4.1478480793592905 0.6626350982531111
120 5640 0 0 0 -1.572281716035029 0.6054770079842763 0.10297049756167172 0.6836283613485865 0.7220950002703762 1.2772334489430055 4.247823961784234 0.6776431623726241
121 5687 0 0 0 -1.753953239376325 0.6951137606321968 0.09963748958010564 0.6738022756119132 0.7455052376473688 1.1557231097032428 4.256326287677986 0.6931893952295415
122 5734 0 0 0 -1.5739254051462284 0.7275981426961513 0.0824818052390473 0.706809694044914 0.8172984388891059 1.101904607570275 4.357744705256479 0.6892834152731141
123 5781 0 0 0 -1.4518147440054825 0.759773224202146 0.07162228172529747 0.7022905529513024 0.7600187045091363 1.1832797396626775 4.3694672966376515 0.7209271502207617
124 5828 0 0 0 -1.432838714969379 0.7364976627117349 0.08540355966760776 0.7021727861540982 0.7928228998405229 1.1828533132967438 4.335842800633118 0.7150427681996481
125 5875 0 0 0 -1.2449201039216597 0.731616723070118 0.0955966453051545 0.7114215304485575 0.798531356835098 1.2362155500066139 4.176333238386926 0.6946321347922667
126 5922 0 0 0 -1.1438718877773917 0.6955659090881245 0.10733927297687233 0.699796122845641 0.7448266450900877 1.1730609609101021 4.105640077170318 0.6992606832984657
127 5969 0 0 0 -1.2945056594405797 0.753830950140604 0.10818335197940879 0.7046117588684248 0.7513795190315913 1.2318501486714655 4.268533034233412 0.7027499873079932
128 6016 0 0 0 -1.35464120633052 0.7758301373225075 0.1006670107086446 0.7062727131739968 0.79607163263396 1.1617267419464996 4.2765593443298995 0.7239259785544763
129 6063 0 0 0 -1.2542975167048669 0.7509825945554642 0.10431521269546495 0.699762886949363 0.8390559673781024 1.0932178199545104 4.41105903773583 0.7173602609993236
130 6110 0 0 0 -1.2914042038239677 0.7285701641197344 0.09848612621510115 0.7375168533372813 0.8135283139047239 1.0830626711170748 4.364096764987194 0.6976476875596783
131 6157 0 0 0 -1.284330627434644 0.676445425325887 0.10211822996198215 0.7389202893821607 0.763038617671052 1.0934843494956534 4.295897262897437 0.6979149870614002
132 6204 0 0 0 -0.9963629599264534 0.6553356212537527 0.11879105828914406 0.7325601073221456 0.7228909866834501 1.0822784183700234 4.250205639621898 0.6916281864949249
133 6251 0 0 0 -1.1547923136521454 0.6381260998923671 0.10449431666265178 0.72597869112248 0.6845925197231908 1.0902903876128078 4.092990528110553 0.6846151301052573
134 6298 0 0 0 -1.5376578626196638 0.6213147149098128 0.09604456784761045 0.7209848309765334 0.6999211732618925 1.100127803825786 4.046946357723794 0.6809882689563814
135 6345 0 0 0 -1.5223384351941238 0.5683747725278842 0.08566383255950662 0.7187627348941606 0.6636213651708726 1.1682714545411625 4.006945431966193 0.6561184726463918
136 6392 0 0 0 -1.903668867894935 0.5535362551115002 0.10394854421415284 0.7163828335364458 0.6670732673355394 1.1543673619269532 3.778060523492663 0.6436060401343812
137 6439 0 0 0 -2.0717209393411946 0.5276823813239813 0.09799783258735931 0.7118572290540043 0.6545061213602656 1.137298058447017 3.631864582402716 0.6452581669592248
138 6486 0 0 0 -1.9194195664542828 0.5092700091378755 0.10431767889172398 0.6910151347636452 0.6752489259343215 1.0439944650423107 3.6570783855359155 0.6648295752870802
139 6533 0 0 0 -1.960051844304395 0.4002676145270689 0.09819819388712266 0.6717844617890222 0.6701070676579846 1.029880085537279 3.802460050456374 0.6796538918798104
140 6580 0 0 0 -1.9049605254482485 0.48640524241722916 0.08987222801191246 0.7120925514522157 0.6938427077456957 1.082514669840688 3.729134465428789 0.7054415300570277
141 6627 0 0 0 -1.94206919582587 0.4871324838836556 0.10652612840526483 0.7017172290753528 0.7164796057460112 1.0862035387949174 3.623850807709766 0.7218470702002774
142 6674 0 0 0 -2.1933751732133278 0.49780874311813894 0.11610851370935338 0.7287478897273448 0.7124462105699256 1.1752443026717392 3.6827748696799607 0.7153552128699281
143 6721 0 0 0 -2.312770199918907 0.5185912322631641 0.12138523485989862 0.7527119824805812 0.6804612246432494 1.227112745458788 3.7141130565359592 0.679482479076827
144 6768 0 0 0 -2.057251765807382 0.46148348978786824 0.08863198500365498 0.7984526381966377 0.6824413870817446 1.4289395409030121 3.7154291463794653 0.663089748691812
145 6815 0 0 0 -1.9969835736259902 0.5027272284945916 0.100075899725335 0.7895119600138033 0.6970920657372548 1.277284891630017 3.902272268592894 0.6649822428644524
146 6862 0 0 0 -2.0752566693566075 0.4356716303235067 0.11931680578122454 0.8236425107645907 0.6917646418768992 1.4698523063815874 3.8550639031290124 0.6674662241422333
147 6909 0 0 0 -2.219789307568915 0.4554746191583841 0.10292470453833881 0.8002537720974428 0.6707221186234481 1.2227902985990526 3.9324243234838687 0.633475153962506
148 6956 0 0 0 -2.31420642849193 0.4336657216105775 0.11174257268627415 0.8037344765774992 0.6536387078756943 1.2823515073533105 3.7830442070250787 0.6022894963674644
149 7003 0 0 0 -2.1161368547852315 0.4452212349472869 0.0859052788560087 0.8075191913684573 0.676765463854355 1.2195357853624305 3.8734580145516753 0.6171169624577314
150 7050 0 0 0 -1.8540190193197732 0.47939188569614866 0.0687275146842231 0.8814208629790975 0.6688658288075936 1.2489206372742683 3.7669637747018445 0.6148847527565828
151 7097 0 0 0 -1.5326297444194092 0.49344566133479467 0.06559047791344576 0.8746037605282944 0.6501333411544526 1.2759727545375033 3.777457192550482 0.5866306489767239
152 7144 0 0 0 -1.4193747993861527 0.5048555228706914 0.07002272059679561 0.8630865469495543 0.6113019974282374 1.2599029207899926 3.7146962370554086 0.5527073288892961
153 7191 0 0 0 -1.584349926514968 0.5098282342878084 0.06473661030934952 0.860240814733941 0.5907616803231834 1.1376605916681648 3.668455831645664 0.5658541696549284
154 7238 0 0 0 -1.9693017271629547 0.5021122185872768 0.06747163697567068 0.8034549040757187 0.5776992656951785 1.1499733531610565 3.7572455592823526 0.6410258232365421
155 7285 0 0 0 -2.0174404252199065 0.5191512834263594 0.06742591920831315 0.8069717965358014 0.5942249670405324 1.280687555566955 3.7426764306501914 0.6206047935433867
156 7332 0 0 0 -2.068639238616982 0.5249822503724437 0.06448262203909441 0.7883400129122365 0.6187817990140869 1.2445770243638603 3.763722847664476 0.6748299520083871
157 7379 0 0 0 -2.2357805739838152 0.5249948108547803 0.07335539247141591 0.8261364785649541 0.6226345781869194 1.2398220529521418 3.758722044973929 0.6834415433621822
158 7426 0 0 0 -2.4434860791113007 0.5535601949547643 0.0784431617791314 0.8779959373229651 0.6171264220603696 1.1786771440426118 3.8379579911674497 0.676222485574209
159 7473 0 0 0 -2.441190950566756 0.5645992927983188 0.05903592586749427 0.8134560095201393 0.5711833886093206 1.227612555068028 3.777355653040919 0.7119059242793869
160 7520 0 0 0 -2.621112550850165 0.5963028574593546 0.0636753013041377 0.8113494401651052 0.5843090976410763 1.246351012036567 3.80888088402554 0.7263876997554896
161 7567 0 0 0 -2.937796692098076 0.5959136693325574 0.041555597235524544 0.8263133012434551 0.5870257683577474 1.1981093523313748 3.7108981079794074 0.6888555197474932
162 7614 0 0 0 -2.6166626463338045 0.5852699514847246 0.05571267503810271 0.800455092962518 0.6077633980658099 1.1280143359765054 3.7549770123393147 0.6953990861729434
163 7661 0 0 0 -2.160323494522254 0.5644370578930058 0.0508548432895476 0.8002631347673532 0.6058324329087589 1.1267933806011599 3.760264672706508 0.704579335949379
164 7708 0 0 0 -2.2686903995229066 0.5539124214334674 0.06999623659402561 0.84513476316072 0.55257396392792 1.10415980222248 3.73398879441604 0.6384108469474592
165 7755 0 0 0 -1.9595266306119428 0.5560661433782761 0.07998617917162693 0.8638993762633892 0.5279342726009391 1.124755752085905 3.5516441838951867 0.6755291123501089
166 7802 0 0 0 -2.250062481477037 0.53457393633053 0.059278609937282074 0.8781992257648032 0.6122081239906668 1.0364534767313887 3.584906807770285 0.681759484601732
167 7849 0 0 0 -1.9988912062972568 0.5277428661893707 0.04026441682258439 0.9170565854833115 0.5855024948696775 1.0536098623552455 3.6169276925879696 0.6994596996410907
168 7896 0 0 0 -1.66185876432796 0.4842928999189819 0.020829691673104177 0.9592675437508357 0.6012554780930873 1.0190802128723833 3.675717947404943 0.757553744245772
169 7943 0 0 0 -2.0083071675331645 0.4822433122467405 0.0323493572190796 0.9287030695408106 0.5241444538907257 1.032574673891253 3.727157265814548 0.7208255081068394
170 7990 0 0 0 -1.8397163764688227 0.4633067791193936 0.038200904554329534 0.9123852996416622 0.530964568541092 0.9737019103761876 3.8835966216166042 0.7173491098991767
171 8037 0 0 0 -1.8747161592237376 0.46327192828216185 0.05854375013681695 0.9228498746562382 0.5183191843775231 1.0010341492609813 3.949385162810046 0.7024753386778654
172 8084 0 0 0 -2.378322220040232 0.4994169394650269 0.05515575616894084 0.918499873317263 0.4774560199390216 1.0139812634532164 3.948335220976023 0.6619677441897638
173 8131 0 0 0 -2.4547743384734435 0.5427137071289441 0.0744979289995272 0.9313895135798285 0.440585772170324 1.0354350897482654 3.9545272710708828 0.6212705318277811
174 8178 0 0 0 -2.2062034881697676 0.5646160790365095 0.07012764805317084 0.9202330508825005 0.541978175644038 1.0821964143147829 3.970533804674445 0.663699404263082
175 8225 0 0 0 -2.101808301780001 0.5699083868958611 0.04927607727058704 0.8987149907668323 0.5433419609731195 1.1278339363724352 3.9327396292589163 0.6951211923998216
176 8272 0 0 0 -2.621882974234809 0.6172251105835753 0.021795564332577642 0.8705032577753198 0.5556602348954638 1.0930457694342437 3.9684716530458974 0.6513978287824458
177 8319 0 0 0 -2.8161221748858933 0.5918308046611418 -0.006051067001496676 0.8439026437740071 0.6261863851835914 1.0305954215785011 3.846819686604473 0.6498238312436854
178 8366 0 0 0 -2.6239223808732777 0.6310495735491664 0.007450014141965014 0.8205317918418867 0.7179460525123421 1.0787329099359235 3.9504529854319252 0.6511300605995782
179 8413 0 0 0 -2.175342368862935 0.6494202768840391 -0.051410203059624696 0.8606997535524695 0.6906344371289302 1.0694566493065634 3.8712927858004713 0.5859762625463656
180 8460 0 0 0 -2.6232935159521684 0.6722548477897216 -0.03582677870264407 0.8588997207706464 0.7552619430488874 1.029868985849451 3.9032185574277993 0.5767584258047822
181 8507 0 0 0 -2.3980880322599827 0.6900192316180235 -0.03872619099027132 0.856750112633869 0.7535566477118423 1.0015969375301825 3.831907295328457 0.612947472387884
182 8554 0 0 0 -2.7475492887756396 0.680734614051845 -0.05096204327811475 0.8457498086930331 0.7875976199375319 0.880964920502666 3.8087054540699974 0.6395595794881769
183 8601 0 0 0 -2.559924492796784 0.717487770275751 -0.047486786601810986 0.8602783720850008 0.7540265266505338 0.9143142520916177 3.833897314963025 0.6171498577833685
184 8648 0 0 0 -3.2275438579651157 0.7285041507474954 -0.02104795136799069 0.8369599555972874 0.8257943014599618 1.0212528840649364 3.921722619276187 0.6730194192008406
185 8695 0 0 0 -3.455489253587487 0.7183224135709801 -0.025272849254495997 0.7826624459279907 0.7447498561451871 1.041177256024537 3.847512757969828 0.6972167495741959
186 8742 0 0 0 -3.0425727293542097 0.7287188917715806 -0.027783428905838035 0.806341821264545 0.7683342211328119 0.9893451056582242 3.9261435206817765 0.7051513774746601
187 8789 0 0 0 -2.687254817781561 0.7579478401040566 -0.0048428373167133075 0.8179833441478005 0.7253965799812484 0.9778876593487505 3.830089837900616 0.6928016864110368
188 8836 0 0 0 -2.867535808360752 0.7485076826511017 -0.0010613648677838595 0.8540578832592555 0.7070872502185824 1.0190873046718703 3.879434363401122 0.6262079521258689
189 8883 0 0 0 -2.8062173328664692 0.7569661246025339 0.010811356430673368 0.8219726364951314 0.73758312187564 1.0173274953616054 3.8123918071583285 0.7649678318313355
190 8930 0 0 0 -3.095094563932063 0.7728165848390595 0.016030587364141473 0.8358959277907065 0.6922949150975316 1.0088053854074899 3.777158646736673 0.7481201189638657
191 8977 0 0 0 -3.1778236314200146 0.804011079907329 0.0443429169337163 0.8121713870887225 0.6746433585368903 0.9701726108211152 3.8101910628964504 0.7116681783461833
192 9024 0 0 0 -3.256848862004801 0.8354995334986429 0.02581716131009009 0.8302875349634231 0.6873430365559651 1.0583023791362525 3.7582749731209746 0.7550048466975984
193 9071 0 0 0 -3.4689919820306954 0.8573544988516306 0.030521057317098053 0.8472332385147582 0.7126427777172758 1.102667748631483 3.6825685795899656 0.750267114834025
194 9118 0 0 0 -3.4040319205784515 0.8607073213593347 0.01686112142096016 0.8517492386632405 0.7227984154953176 1.0990715088136358 3.6900752035561055 0.7339633574947311
195 9165 0 0 0 -3.1968821650069987 0.8944223101676929 0.008533594670320431 0.827163941506146 0.6836630780879799 1.0327193556629122 3.699276852726216 0.7722662087026477
196 9212 0 0 0 -3.0918496977568446 0.9512586338747249 0.0149122133650598 0.8312432707188173 0.7024663839610391 1.086826039755928 3.680356952527162 0.7722618172237075
197 9259 0 0 0 -3.3171748731355946 0.9745489196333007 0.010417577463847014 0.8299741925302319 0.7016078002984373 1.1196111446198278 3.721210428232476 0.7556258107669483
198 9306 0 0 0 -3.270052256990115 0.9574642829832711 -0.0013017702368352223 0.8264191480744686 0.7343125092357023 1.1137977591486563 3.7280435634452527 0.7425126443750144
199 9353 0 0 0 -3.636638947104686 0.9298773254312485 0.00709485831608412 0.8217048704846633 0.7266469019889014 1.1151312403525708 3.7278301315660523 0.7239285185357819
200 9400 0 0 0 -3.490044499076026 0.9066133584285241 0.00719407690430902 0.8269729149139079 0.7320828717500564 1.132991450706813 3.720206383847237 0.7038734656710725
201 9447 0 0 0 -3.512559525177938 0.8998568849831189 0.003816739521878815 0.8312636973459099 0.7340294023755782 1.107444524389891 3.6464761590053545 0.7148023682903608
202 9494 0 0 0 -3.652091920043662 0.878701107740661 0.00674063649900018 0.834258212266972 0.7312042254759782 1.129185821196886 3.630339755472975 0.7112028073435288
203 9541 0 0 0 -3.5578716706174065 0.8801129903510193 -0.0048991608639039255 0.8281573358290795 0.7350817141915054 1.122492454057605 3.6487276192951286 0.6861543757195356
204 9588 0 0 0 -3.655511857925452 0.8748787042057895 -0.006313376700642987 0.8311861008064797 0.7422355853492284 1.1809167513852583 3.623367494275423 0.6850876023196814
205 9635 0 0 0 -3.8142306622859397 0.9020023809147211 -0.004524270391142905 0.8358683773740058 0.7472038466198752 1.147397546131194 3.58689629233374 0.7017819501790946
206 9682 0 0 0 -3.7993923278108253 0.8903034369319794 0.00475810693049554 0.8491875356087188 0.7468545238565418 1.1031157362975046 3.5691837776065984 0.7345633990457555
207 9729 0 0 0 -4.097251699306827 0.9044188189789903 -0.001160305200574902 0.8501746691524592 0.7404372963067489 1.0777304819107227 3.5704336305844984 0.7694786746125075
208 9776 0 0 0 -3.9298040617708243 0.8658953433652983 0.0009845507791044273 0.8661068685220897 0.7325071439277753 1.114442051588763 3.5493918263976103 0.7631162295602076
209 9823 0 0 0 -3.98259145538034 0.8937229011799982 0.01111937239783061 0.8662312353108406 0.7276171656215515 1.0842145920220432 3.5455301665163304 0.7894206182596634
210 9870 0 0 0 -3.9587353826201404 0.9022400251007177 0.007316330960392817 0.8694811966418248 0.7343125208241851 1.084886883446048 3.517473142007261 0.7549772998384067
211 9917 0 0 0 -3.8287476608078284 0.9191944961696851 0.010313435988193748 0.878358257215904 0.7359196013869949 1.1114203079092475 3.5024805764211306 0.7793135114343066
212 9964 0 0 0 -3.878337083711035 0.9253148256523644 0.016946291134490976 0.8830925641532095 0.7432236264143622 1.1076836925460787 3.508819458114396 0.7752563495657039
213 10011 0 0 0 -3.9466299336550685 0.9541459834997319 0.020631935126589902 0.8691239830606489 0.7372125076685003 1.1005160226689004 3.5076599458539977 0.7390048324983323
214 10058 0 0 0 -3.8618571626383678 0.9508385606354604 0.028512639744581285 0.880481256773979 0.74064061785168 1.0959826510366817 3.5108332637977946 0.7963941942405195
215 10105 0 0 0 -3.7806599985098828 0.9607960445650549 0.01584328513455018 0.886538194099571 0.7479255269134035 1.0763361487891308 3.5048261242115646 0.8111826345399024
216 10152 0 0 0 -3.748181216404209 0.9456183469436443 0.013753078602581214 0.8930489277833709 0.7401363583865268 1.0781289711953725 3.4845309833650147 0.8022949615704875
217 10199 0 0 0 -3.7564370030631706 0.9541123805339341 0.023531431124509738 0.9026895361344666 0.7364541576286012 1.0965730581190367 3.4503665426314614 0.8082700665952812
218 10246 0 0 0 -3.6183620110413672 0.9589439414327069 0.023896295432151493 0.8926018976298653 0.749722161965251 1.061523314189016 3.443565360498142 0.762212274590899
219 10293 0 0 0 -3.543794319152826 0.9506917621249468 0.028359823800664093 0.8819261057800051 0.751629953198082 1.069911496701809 3.436312291010817 0.7643784003394815
220 10340 0 0 0 -3.6462844344411027 0.9673337286838164 0.021765588333491827 0.8815696805306342 0.7601730340800681 1.0826744146002654 3.4254901312772006 0.7563903589590085
221 10387 0 0 0 -3.7396084988121365 0.984413510809677 0.023070284929629165 0.8752915117867588 0.7536443172398225 1.083681848003874 3.4357830000255025 0.770943266327957
222 10434 0 0 0 -3.716241726784423 0.9759919896411332 0.01851629906851574 0.8764021124649729 0.7496251707849317 1.0753889196441897 3.461867391935692 0.7279617568263775
223 10481 0 0 0 -3.660770292955346 0.9805641028653544 0.015221457631514813 0.8783083273711918 0.7572047597891133 1.0442890841197292 3.446410444449266 0.7373788020176476
224 10528 0 0 0 -3.624603274159931 0.9835609790774059 0.015643614258720958 0.8776918884024191 0.7570291708194958 1.0407710147756806 3.448224860609421 0.7324800817832929
225 10575 0 0 0 -3.632580959591041 0.9764133911792603 0.01329338285077391 0.8793063834810754 0.7568015635066824 1.0485378407103592 3.44433008267987 0.7274066158062584
226 10622 0 0 0 -3.6532525966803506 0.9697237075034341 0.012088577173192512 0.8775441602246439 0.7570604237847756 1.0577927159607925 3.4469363802873993 0.7201439113213316
227 10669 0 0 0 -3.6852140974463534 0.9584042795553568 0.013804700351892733 0.8760350341611725 0.7618217272229325 1.0442189190871365 3.4457130964569753 0.7163639010706735
228 10716 0 0 0 -3.7065853231447625 0.9634787344094511 0.016392678402497866 0.8757332849447786 0.7590810371984597 1.0356953189797886 3.442687276918365 0.7164650339872667
229 10763 0 0 0 -3.695158128220661 0.9699288035940106 0.013216955638033365 0.8786905489754792 0.7553767404525854 1.0321021884076151 3.445751826834892 0.7015371158939779
230 10810 0 0 0 -3.7716088142096162 0.9833022246879916 0.012585189243643526 0.8793271332900335 0.7567604913015178 1.0404866976801583 3.4342828731539234 0.7050243873485154
231 10857 0 0 0 -3.7295756008816316 0.9901308163466468 0.012332900282713785 0.8764580928514075 0.7618127051883363 1.0407464347394404 3.4418030895031593 0.7104467113248137
232 10904 0 0 0 -3.6961589602610068 0.9838021067048061 0.009709818797304851 0.8742135090596275 0.7652992656909334 1.0342073153053535 3.4480478814607816 0.70756459791197
233 10951 0 0 0 -3.738382951964151 0.9720360843821886 0.011199288222889537 0.8747320228006586 0.7673697390491256 1.0336800075794497 3.447617659655456 0.7068077825393092
234 10998 0 0 0 -3.8421566431843552 0.960668004213278 0.007374000752271382 0.8747985790046231 0.7675512209180184 1.0192522915078426 3.4410614313423857 0.7024379144625953
235 11045 0 0 0 -3.8463912097587314 0.9564527950437699 0.007942738114599012 0.8760487780229166 0.7696948926036528 1.024417644480015 3.4268404063577083 0.7072819069971638
236 11092 0 0 0 -3.832849120858788 0.9487457000097146 0.010924177556679775 0.8794194285107712 0.7766789052667425 1.0222485998881754 3.430582037840086 0.7102275137486029
237 11139 0 0 0 -3.826164898743125 0.9433004939301828 0.012216488391597878 0.8813090624497599 0.7715036035189321 1.042571119479652 3.4373190103030344 0.7158531122190296
238 11186 0 0 0 -3.7970125070228784 0.9561210891370862 0.010726630859655266 0.8846744687580758 0.7694771444685148 1.0577139979832315 3.434426232641179 0.7191069838076631
239 11233 0 0 0 -3.7163564706114203 0.952618245361623 0.010593653779552542 0.8838918162950891 0.7660833201676752 1.068610292213849 3.439752673499154 0.7130250535569239
240 11280 0 0 0 -3.6263818809847828 0.9580833171879638 0.013449373858666942 0.885034871028892 0.764641287540061 1.0666495473224438 3.4431857480577412 0.697056372114154
241 11327 0 0 0 -3.6846212188396024 0.9647541207971384 0.012719299023981837 0.8790127736470346 0.762806858908336 1.0809592237868346 3.4441084010304617 0.7033360985275916
242 11374 0 0 0 -3.7244819048455664 0.9624031496815002 0.011752008240353086 0.8771196934026234 0.7660578412362845 1.07831888484284 3.4321696677496747 0.6974572264014852
243 11421 0 0 0 -3.7294114251892374 0.956991458528627 0.01185465097430238 0.8767396893085182 0.7591357412848332 1.086769727409634 3.421127412631655 0.6814041574653318
244 11468 0 0 0 -3.8259398438204366 0.9643486001670519 0.01197598087802064 0.8742179672774677 0.759282308423563 1.0754790602186584 3.4221981691083827 0.6877393356782466
245 11515 0 0 0 -3.8164125533743087 0.9647354519494253 0.013538008260359379 0.8708830464980276 0.7562265849699771 1.0751675188822225 3.431279837545163 0.6903772947067888
246 11562 0 0 0 -3.740002107646216 0.9710653839002921 0.011802330923801037 0.8663338030095767 0.7559457189024861 1.0545406833673285 3.4422323905734062 0.6841109899614889
247 11609 0 0 0 -3.8013379724832643 0.964990684486588 0.012884310753659353 0.8710333467217889 0.7560243711529405 1.051956062733035 3.4634764840894645 0.6903659910610223
248 11656 0 0 0 -3.72789203950433 0.9675801185117713 0.01335371706321127 0.8765510655956714 0.7558493344887973 1.0480503605404485 3.454941982586113 0.6894179077768176
249 11703 0 0 0 -3.6862240191996665 0.9685005595685826 0.012474175585827486 0.8747491683004941 0.7599688700514666 1.0445172063404755 3.465747011864741 0.6954517924900507
250 11750 0 0 0 -3.711368100270489 0.9781476423590166 0.012440645025453684 0.8720936421927314 0.7606897175977699 1.05070967216406 3.470975372636614 0.7053277361222882
251 11797 0 0 0 -3.7322591554832356 0.9669590560016394 0.013009246895585865 0.8712178733696149 0.7614675218404746 1.058215422295857 3.4771884992038418 0.6996837176812156
252 11844 0 0 0 -3.743919982201901 0.9770368564009724 0.011414583764299355 0.8735294213732656 0.7623522856766778 1.0497780769808156 3.490459146233177 0.6919307629213735
253 11891 0 0 0 -3.7857465520179976 0.9728552763614544 0.011781093353605523 0.8724943622325914 0.7608775041386661 1.036962638923422 3.501422745384435 0.6896449491322519
254 11938 0 0 0 -3.743463632395729 0.9686658694892779 0.012442317570554662 0.8695159274855051 0.7638619600530944 1.0380583941694828 3.4993619118560524 0.690643669118195
255 11985 0 0 0 -3.7065412270781737 0.9696095068860632 0.009882492539480635 0.8652471863955885 0.7665701751039673 1.0361409679935392 3.5037295786987044 0.6842045924293705
256 12032 0 0 0 -3.740762303246917 0.9726356381323771 0.011187998236429556 0.8695015660897464 0.7710218558366567 1.0372378453331483 3.507918729287291 0.688319755156342
257 12079 0 0 0 -3.7737885121396286 0.9762243783632887 0.012807889049531444 0.8698175676625841 0.7674385090945376 1.0463431799863674 3.49984934438729 0.6923265499193401
258 12126 0 0 0 -3.7657595835276756 0.9746608130560274 0.012181954299519666 0.872946805929419 0.7671228315209786 1.0426700356092 3.5152000831675663 0.7003492507010689
259 12173 0 0 0 -3.7561355225623507 0.9679840602982454 0.011440868987347258 0.871406588649909 0.7712181073157371 1.045627906140492 3.519598716894776 0.7019775464623189
260 12220 0 0 0 -3.770249835436111 0.9690905695260508 0.010330336880909912 0.8739113640445438 0.7693699380358229 1.0520476909076764 3.515912240253288 0.7041810963747286
261 12267 0 0 0 -3.7944045002411158 0.9699527659063345 0.007873325767384724 0.8734953586045484 0.7722278269491529 1.0560777411070672 3.5129365360237004 0.7020575630017738
262 12314 0 0 0 -3.7645641439754995 0.9695035543409735 0.006998974198354047 0.8753136178175812 0.7713049997132148 1.057554320504352 3.515745578876215 0.7091952372992903
263 12361 0 0 0 -3.7390996164738146 0.9549486246787215 0.00782079461710954 0.873490370231023 0.7707388738486729 1.061300008053504 3.5046777945889733 0.7236886451811728
264 12408 0 0 0 -3.7945120617258454 0.9408477132450487 0.007191654827343663 0.8748585650881165 0.7691501919828505 1.0533343771921482 3.505576391836129 0.7272894558213125
265 12455 0 0 0 -3.8272490330353848 0.9468438413880246 0.008141437563481305 0.875898299933337 0.766108803194479 1.0616203920375276 3.5067681372782475 0.7333523923176415
266 12502 0 0 0 -3.836145735116887 0.9455108308882417 0.007169303880040396 0.8779702234343489 0.7670564082831085 1.0624600826542947 3.5175851460507688 0.7281065175021125
267 12549 0 0 0 -3.786116795761541 0.9424391175623511 0.004918865429594268 0.8776466255135981 0.7692497128674858 1.0582360318914181 3.5058872179514347 0.7312811173363407
268 12596 0 0 0 -3.7675478435112884 0.9404615119022487 0.004192585731296251 0.879157793565011 0.7732444780366715 1.0543521238613778 3.4992067601802384 0.7356974515444898
269 12643 0 0 0 -3.8196010690575113 0.9450081712618756 0.0039572596281308645 0.8800244509634537 0.7743162480340287 1.0611781996541074 3.4935365357812938 0.7317881902006936
270 12690 0 0 0 -3.8201298209594556 0.9449992319843701 0.00499674382181745 0.8801252461142737 0.7730859639710299 1.0644927302003349 3.506775327521675 0.7407781178445928
271 12737 0 0 0 -3.77395158487989 0.945256656624838 0.00525969595971632 0.8809398671057741 0.7736128801244719 1.0624229896081376 3.519340195053218 0.7322431759270724
272 12784 0 0 0 -3.7862660077367596 0.9414184486669125 0.0060589147538571645 0.8789085482656684 0.7736141018038579 1.063425173111551 3.534970339414046 0.7301055421142505
273 12831 0 0 0 -3.809049031894788 0.9433029993233922 0.00615905593590212 0.881094337448615 0.7746074169717315 1.0668686436319939 3.5208916046112444 0.7299275849108151
274 12878 0 0 0 -3.7849269698108485 0.9378155816548942 0.005796256745592124 0.8814723769464436 0.7736557742528128 1.0666376914094906 3.5063817882158776 0.7279476867953444
275 12925 0 0 0 -3.7374940906625596 0.9440449950217573 0.005082734515637965 0.8811493728198707 0.7730850560267333 1.072750942238937 3.509681361286845 0.7242960914634711
276 12972 0 0 0 -3.714369245651516 0.939280720187846 0.006143264964415615 0.8819602095460294 0.7737352126326053 1.0723169265276353 3.5110394372250613 0.7319410724093832
277 13019 0 0 0 -3.699308239117601 0.946544671333867 0.005851716622578811 0.8807050178517489 0.7723696246196932 1.070487240139009 3.500704280658958 0.7301674699600497
278 13066 0 0 0 -3.7097117963293322 0.955160361581836 0.005897986460115733 0.881105487164449 0.7725043912425718 1.067381138626642 3.5041140171066028 0.7258765421561763
279 13113 0 0 0 -3.7101052920092257 0.955238680283443 0.006425491740338496 0.8804331893657427 0.7705442779123957 1.0632884818679955 3.502751586890098 0.7286721385146799
280 13160 0 0 0 -3.69017205301589 0.9590757753091486 0.006452089977985177 0.880339105351675 0.771528126331446 1.0682137974355066 3.50510026203307 0.7235869184555475
281 13207 0 0 0 -3.6745284557206497 0.9526689408251399 0.0063077223721764615 0.8805560644788022 0.7703379579430248 1.071867440161642 3.511107668269004 0.7187885241517227
282 13254 0 0 0 -3.6861070871033226 0.9473505447399545 0.006501060802034351 0.881135942131566 0.7694375031615289 1.0702247516217427 3.5144199758650805 0.7224632997850123
283 13301 0 0 0 -3.6771997130360177 0.9459349793555127 0.005806229686050049 0.88094799978967 0.7680228015382844 1.069708748479989 3.506345832996667 0.723095650717022
284 13348 0 0 0 -3.6916170524412153 0.9474653004735903 0.006026484902792529 0.8806139678344707 0.7700933165262962 1.0715093888621112 3.5080886478303204 0.7224858733576314
285 13395 0 0 0 -3.7157639911711056 0.946162979750096 0.005967498111606014 0.8808655950046321 0.7696513879046705 1.0715115058444813 3.5158697586687455 0.7228879073026021
286 13442 0 0 0 -3.730033264652011 0.9513763582048694 0.0058124677648760245 0.8802808579524097 0.7695463651955631 1.0718492788336498 3.5146922036141532 0.7243508697092945
287 13489 0 0 0 -3.737960898943443 0.9427774695181939 0.006071191014112807 0.8806622475931981 0.7699815599417889 1.0727280197070104 3.5145019525364076 0.7260585748985664
288 13536 0 0 0 -3.7399549009542468 0.9413632232269104 0.00621261611110097 0.8804662023981651 0.7695011495133716 1.0717674802551684 3.5131048898314217 0.723478260294287
289 13583 0 0 0 -3.7467359015112596 0.9400501283680962 0.006104948248543808 0.8806755990078896 0.7700471976824318 1.0690012837600804 3.516895205791571 0.7263660763334749
290 13630 0 0 0 -3.748515629642892 0.9467912767644225 0.005909863328152428 0.881457253432231 0.7685045538841023 1.0692308305506952 3.5166293734820497 0.7257827726725893
291 13677 0 0 0 -3.7613860506378027 0.9426460319291262 0.005909045316180995 0.8812317465439129 0.7682600056058039 1.0711213040362806 3.521617269076534 0.7255226574854762
292 13724 0 0 0 -3.767310914763624 0.9395019168087075 0.005770148536812944 0.8808300605949315 0.7692241139842609 1.0716394999940577 3.516679089244262 0.7255863405144858
293 13771 0 0 0 -3.777099239411834 0.9408579674076869 0.005664517185658286 0.8809635222261027 0.7690490460745041 1.0724475956320354 3.519814203405221 0.7272684218113089
294 13818 0 0 0 -3.7915673047881366 0.9445318211315397 0.005699664103656858 0.880931050616879 0.7682220512534738 1.0729212321059278 3.5225138888386627 0.7275307798576248
295 13865 0 0 0 -3.7840839532108985 0.9407752745272125 0.005706112160388298 0.8806196088773685 0.767606569870925 1.0720183142942574 3.51780898031563 0.7277957204007413
296 13912 0 0 0 -3.7595231203877892 0.9436444253451756 0.005694957949614121 0.8805002923025754 0.7655707017747627 1.0702830188953878 3.5187905741612506 0.7266439478735085
297 13959 0 0 0 -3.7379235705820366 0.9388839442741298 0.005683689397622023 0.8805527039411952 0.7648591251191603 1.0718798042013902 3.519782550347331 0.7258498749784141
298 14006 0 0 0 -3.72518618207047 0.939090924562746 0.005701079405361969 0.880415281685385 0.7654915738566171 1.0720147821990855 3.522517831049759 0.7269689382794694
299 14053 0 0 0 -3.7266138093301837 0.9392130286692999 0.005696351214469948 0.8804791365223072 0.7652663871883255 1.0714239570383586 3.5228164357921314 0.7243463972203722
300 14100 0 0 0 -3.7254425700277247 0.9429580723777435 0.00570114042342967 0.8801253120713376 0.7642478405578981 1.0707967807373462 3.5181414484294486 0.7246641563744858
301 14147 0 0 0 -3.7286220908596346 0.9386225962508292 0.005706132028934287 0.8802379234233394 0.7653119566065212 1.069349591163039 3.524182670754176 0.7255456418489892
302 14194 0 0 0 -3.731600137972292 0.9395028892896405 0.005712859887430611 0.8802402810709039 0.7660808011366496 1.0692089878237514 3.5206434327320006 0.7257938376769041
303 14241 0 0 0 -3.735748512611439 0.9302643465633637 0.0057079507893976434 0.8803650604776879 0.7658675565046926 1.0700945059366982 3.5215782090414547 0.7268699931162831
304 14288 0 0 0 -3.745164933728261 0.9267600477784926 0.00572009273138883 0.8802775896508322 0.7663126916032424 1.06805653304938 3.518847947007178 0.7279418640730099
305 14335 0 0 0 -3.7466176192310874 0.9311396213321393 0.005713914592252214 0.8803461219673128 0.7655595933467751 1.0686682968795416 3.517020267882594 0.7278386596912109
306 14382 0 0 0 -3.7447162464516817 0.9278127079560626 0.005715874097730362 0.8799532895008555 0.7670123805038005 1.0687254730398874 3.518064109523667 0.7280152049707244
307 14429 0 0 0 -3.7374630126176 0.9281653571317744 0.005723906143589956 0.8802397822894447 0.7662261713569576 1.0693699207702865 3.5205409746109857 0.7277165345109469
308 14476 0 0 0 -3.7397313792229188 0.9180927718672187 0.005727150785822085 0.8801275343096673 0.7671975025656126 1.07022126257141 3.523405383000721 0.7273994490014355
309 14523 0 0 0 -3.7458497805835083 0.9256050942996997 0.005722236104540727 0.880212827146874 0.7675198547039884 1.0704216856698157 3.520618008883002 0.7281270187213889
310 14570 0 0 0 -3.748776356218562 0.9159577675948466 0.005727197476329426 0.880572456232638 0.7686128471136631 1.0700966064564394 3.5195199281697573 0.7284505188547319
311 14617 0 0 0 -3.748689377464837 0.915751407233247 0.005727047274969966 0.8805961493308306 0.7692448873096686 1.0710215988171077 3.522196062871216 0.7283330230214528
312 14664 0 0 0 -3.748428252550964 0.9156186831448733 0.005727020101661616 0.8808214038860227 0.7678631857590693 1.0713877783145467 3.5199909558341687 0.7277721883093855
313 14711 0 0 0 -3.7482480879877635 0.9162841638474044 0.005725357145719304 0.8806526863005105 0.7688676758153823 1.0705231310265468 3.521276816408349 0.7277456359638611
314 14758 0 0 0 -3.7493175444175195 0.9165708450020029 0.005726204780599228 0.8806160283530049 0.7690949721736181 1.070034757984531 3.5206886471123826 0.7285882284519304
315 14805 0 0 0 -3.753233760101195 0.9179727501968737 0.005728345394299675 0.8805710169982661 0.7688062924412399 1.0703229933636005 3.523776648461268 0.7289694852182077
316 14852 0 0 0 -3.757616877022095 0.9171492284781942 0.0057303419495753636 0.8807940933610384 0.7683315723349672 1.070387485978105 3.5259895752568458 0.728478064503915
317 14899 0 0 0 -3.752557415126207 0.9165114585272806 0.005728245170165609 0.8808596897964022 0.7688378509827184 1.0706531555730476 3.5265487826609023 0.7294573707023617
318 14946 0 0 0 -3.7488683605827617 0.9122683897560173 0.00572761154735008 0.880804732253918 0.7682196503624046 1.0701327463588206 3.5273586417839686 0.7297789359744329
319 14993 0 0 0 -3.7472394940275513 0.9129687112014491 0.005727615702275906 0.8805415748343036 0.7679230169010748 1.0698699129447724 3.5267365724188107 0.7299859603017325
320 15040 0 0 0 -3.7452746762614813 0.9145663613367951 0.005728207469294153 0.880425048966477 0.7677252736012078 1.0697106181325777 3.52498782855439 0.7290798063823279
321 15087 0 0 0 -3.7518122579374777 0.9188665404068148 0.005728418926725095 0.880633933819619 0.7676831828192039 1.0700292856622076 3.5277349147758366 0.7270405986287303
322 15134 0 0 0 -3.7487181385012955 0.9218372496469274 0.005726148670741848 0.8805492259783738 0.767101515667456 1.070155429099203 3.5252966586098324 0.7263452618889576
323 15181 0 0 0 -3.7454527180936292 0.9201668332303073 0.005725082613094545 0.8805385934796139 0.7676457170345601 1.0698901033398192 3.527019173933471 0.7244786012539773
324 15228 0 0 0 -3.7440276200722384 0.925725023106949 0.005725766222408681 0.8804710468646272 0.7680617885988748 1.0698410971131032 3.5207556806530254 0.7247467762158403
325 15275 0 0 0 -3.739865390785585 0.9317319844084776 0.0057253422670296705 0.8803611070196058 0.7686863925472894 1.069687233801471 3.5180842266910535 0.7264505112764286
326 15322 0 0 0 -3.740137290932164 0.9250896700980006 0.005726651439449891 0.8803042817734162 0.7691319448882299 1.0691629318589564 3.515930046633055 0.726834000919701
327 15369 0 0 0 -3.739523373069931 0.9187246489161791 0.005725713112795563 0.880370758475179 0.7685113798648902 1.0688820865469852 3.517582504111438 0.7256643190760527
328 15416 0 0 0 -3.7385228438323073 0.9209369934563938 0.005725783135220765 0.8805538166567277 0.769698325407774 1.0688240465055368 3.5188255042479746 0.7253399711281285
329 15463 0 0 0 -3.7327587043900876 0.9201723377113732 0.0057255102600361815 0.8804920898498977 0.7698977671248795 1.0691087573434999 3.5200249513926116 0.7232997100573475
330 15510 0 0 0 -3.722905418323151 0.9191082252210585 0.0057253997132298414 0.8804595256801564 0.7705551354687286 1.0692176036377474 3.5230636565851827 0.7229976564189861
331 15557 0 0 0 -3.723280169528789 0.9156594513824172 0.005726119707290027 0.8805424402646193 0.7702542899694349 1.0688869418309603 3.5234629556732844 0.72559718777987
332 15604 0 0 0 -3.719431532976889 0.9164914698171072 0.0057258236994341205 0.8805132388373135 0.7698043158860922 1.0687135392357225 3.525206438175754 0.7248785926217884
333 15651 0 0 0 -3.7210007320264715 0.908910157723143 0.005727068722794945 0.880460654932492 0.7694255080499045 1.068852272384041 3.5244285727598363 0.7267540995109105
334 15698 0 0 0 -3.7216376791651484 0.9113444983785353 0.005727556871688161 0.8804210675706052 0.7695643677098265 1.0687205601157965 3.5240325633595435 0.7288151660914726
335 15745 0 0 0 -3.7249292008148114 0.912818299969011 0.005727432759501883 0.880533026202651 0.7692522837625586 1.0689651950086665 3.525122077020153 0.7309320527994455
336 15792 0 0 0 -3.724071170293926 0.9108786021565353 0.00572765472704558 0.8805539255965446 0.7691550661376293 1.068860935266649 3.5221485590400783 0.7288823000882073
337 15839 0 0 0 -3.727573479781698 0.912495293021081 0.005725820410440385 0.8806601755498221 0.7695042072970361 1.0688280969089639 3.521836814468093 0.7293221737151399
338 15886 0 0 0 -3.728076698791342 0.9158276554919553 0.005725402900812451 0.8804935932436564 0.7706169022062035 1.0689994564307996 3.5234239673852663 0.7310172786244631
339 15933 0 0 0 -3.7230949309595758 0.9178078677688123 0.005726946689056523 0.8803798446655543 0.7712446769680599 1.0690336853888938 3.5246594621311544 0.7291929408294308
340 15980 0 0 0 -3.7179472813035264 0.9209962623980608 0.005725636752994151 0.8804252818841399 0.7710133253894643 1.0692236477142694 3.523304808540037 0.7281221654629879
341 16027 0 0 0 -3.717853728266372 0.9227452048508752 0.0057258785035486995 0.8803991110018803 0.7709462192258769 1.0690477978720827 3.5246741663718764 0.7273560325993195
342 16074 0 0 0 -3.7233781977373246 0.9232457660243022 0.005726205551596024 0.8804401988118141 0.7717955750015987 1.0687184603593194 3.5230628863747304 0.7270481714421225
343 16121 0 0 0 -3.7253384547143162 0.9209753504923373 0.005725593901220927 0.8805443678876544 0.772344309843914 1.0687185022231662 3.5232967090484695 0.7276757089382166
344 16168 0 0 0 -3.7263787034496394 0.9200893113378391 0.005725942369847725 0.8803665177652319 0.7721427357342844 1.0686628770873585 3.5238886181018003 0.7278700981253955
345 16215 0 0 0 -3.724335418903271 0.9191985450400897 0.005724783142447809 0.8804463284855018 0.7726907809571715 1.0686216414735 3.5243587269422654 0.7255711391392474
346 16262 0 0 0 -3.725664010403346 0.9174037558199302 0.005724182876063374 0.8804318587863135 0.7725153702458482 1.068614878888853 3.523835102238911 0.7250789451722095
347 16309 0 0 0 -3.721680744648413 0.9179762865943578 0.005723804764396711 0.8803542990216932 0.7728911464257762 1.0686675222331792 3.5231306330720544 0.727404942015433
348 16356 0 0 0 -3.723769322913497 0.9177221970055766 0.005723443536053259 0.8801678694666181 0.7735107461664009 1.0686350100971445 3.5218190008453245 0.7273125646099864
349 16403 0 0 0 -3.725692127239763 0.9159148188665898 0.005722774702523217 0.8804672845519613 0.7735064062241468 1.0682929408767123 3.522457551353311 0.7267089344681525
350 16450 0 0 0 -3.7228074036221055 0.9165340519436077 0.005722643814875748 0.8805153230438933 0.7734524834118454 1.068277670308518 3.520206668162737 0.725268108691144
351 16497 0 0 0 -3.7238893901883623 0.9170802005212565 0.005722667939457218 0.8804991554505606 0.7732237104002654 1.068073336094286 3.5205225379970297 0.725618831992625
352 16544 0 0 0 -3.7226639882563792 0.9134760133644788 0.005722333969247061 0.8804294564704737 0.7728569317896913 1.0680449821478022 3.522544672912166 0.7249873338955586
353 16591 0 0 0 -3.718367474523548 0.9127745205343482 0.005721643813945067 0.8804108190575666 0.7726680573121314 1.0679816968350697 3.5239279408353417 0.7251730647957778
354 16638 0 0 0 -3.7219058831216083 0.9145443842273092 0.005721951642783218 0.8804241429362785 0.7722174389251192 1.0678711001300953 3.5233598530662467 0.7253022265919156
355 16685 0 0 0 -3.720743997821088 0.9129731193926669 0.005722240920318324 0.8803992931832572 0.7720841281715648 1.0679643025839913 3.521442291849894 0.7252163499529783
356 16732 0 0 0 -3.7185932224154543 0.9129575423893357 0.005721332246530306 0.8803351935529334 0.7722304267868323 1.0680009432116901 3.5219201369414628 0.7251984145935582
357 16779 0 0 0 -3.7195187553687346 0.9131340380595996 0.005721633454839356 0.8804453838173885 0.7721334823158795 1.0679063469428878 3.522176409247765 0.7243869968569829
358 16826 0 0 0 -3.7222679161502867 0.914422213787639 0.005721480529029417 0.8803151763832942 0.7721534922062674 1.0680843104960542 3.524181456538008 0.723845884491933
359 16873 0 0 0 -3.7223697903566815 0.916323708717658 0.005721573641324068 0.8802792069322973 0.7716767584150381 1.0679632121757139 3.523998017110111 0.7236192865147286
360 16920 0 0 0 -3.72434973390477 0.9155515517003032 0.00572214258085211 0.880179573671971 0.7711954508720256 1.067995160880216 3.5233916600944446 0.723364550918679
361 16967 0 0 0 -3.7257020704916233 0.9146456668251621 0.00572209781738024 0.8800962615862121 0.7708067107211446 1.0680442527211114 3.522068044704462 0.7236941116858883
362 17014 0 0 0 -3.7219653294932806 0.9147434824764105 0.005722572754198478 0.8800106736361742 0.7707293052975779 1.068049577738386 3.522070382126655 0.7248739708971482
363 17061 0 0 0 -3.717152170311758 0.9142549406731152 0.00572251321950818 0.8802274339432928 0.7710186385342297 1.0680645849634258 3.5213156421181493 0.7253389367625788
364 17108 0 0 0 -3.72271573159903 0.9131618441520477 0.005723389826047585 0.8800637882820287 0.7714103903798907 1.0679178716043223 3.5214029347896503 0.7255036735037707
365 17155 0 0 0 -3.722911281605684 0.9143971352874284 0.0057230285024138594 0.8799675955420846 0.7718033092564333 1.0678765864441042 3.5215460023910694 0.7264776222700297
366 17202 0 0 0 -3.7230814717031726 0.9134649008304677 0.005723234244740093 0.8797418460412413 0.7714595846277951 1.0679104871575174 3.5219770836149857 0.7257485158332141
367 17249 0 0 0 -3.720602964109874 0.9146045798313681 0.005724146905045532 0.8800525083208249 0.771802200415813 1.0679972715848385 3.5199838877989795 0.7265744863456267
368 17296 0 0 0 -3.720293187544747 0.9156942581481167 0.005724183696925321 0.8803417544731813 0.7716750761567699 1.0678886128684864 3.5185374972866015 0.7277890814140611
369 17343 0 0 0 -3.7150820691659607 0.915070228199213 0.005725745470855124 0.8803805621562772 0.7713487856525556 1.0678399939277043 3.5191525875969187 0.7284580076400334
370 17390 0 0 0 -3.7115042668330047 0.9147465866557064 0.005724459354439278 0.8802051077740897 0.7710419812271806 1.0676400134306223 3.522302963141889 0.7281963287492008
371 17437 0 0 0 -3.7034065624207386 0.9156094498462466 0.00572497734837643 0.8809383860830513 0.7706257798595051 1.0675945071757846 3.5210683418085704 0.7279481008893525
372 17484 0 0 0 -3.707577223305224 0.9133764541394055 0.005725988220012522 0.8804429198149899 0.7705865259750899 1.0674621379024172 3.5198177053011808 0.7282685995298702
373 17531 0 0 0 -3.7015279183436123 0.9139159307205988 0.0057258858861452665 0.8806055461258729 0.7719183668549753 1.0672615043893003 3.516287086856838 0.7271415228053889
374 17578 0 0 0 -3.6964177840834513 0.9138007186216152 0.0057265300493143725 0.8801124737968189 0.7718617197040583 1.0671197515385635 3.5142948786758494 0.7253580387763507
375 17625 0 0 0 -3.695463490073447 0.9171431323758213 0.005726668994948038 0.8804056049562106 0.77177286955964 1.067073006755147 3.5127145441833574 0.7286163934866945
376 17672 0 0 0 -3.697230749398615 0.9161390751959256 0.005726851341517344 0.8803374578756148 0.7727525646732742 1.0673883491596374 3.5071750017521417 0.7287872929654479
377 17719 0 0 0 -3.6941143206234086 0.9141968995879957 0.00572559360329875 0.8803535496588077 0.7730974069584262 1.067223979431727 3.5105404394130333 0.7312108554533855
378 17766 0 0 0 -3.6969943587120704 0.9100490139719258 0.005723570124755063 0.8799993452632726 0.7728947146512666 1.0669999603018914 3.510001968297824 0.7328996589942376
379 17813 0 0 0 -3.692644340839314 0.9073823970917427 0.005723174746976036 0.8797141765184741 0.7718047400119067 1.0665447696357362 3.5118556863458084 0.7337621577825206
380 17860 0 0 0 -3.7087968903982116 0.909007993176608 0.005722509157965325 0.8793465789443546 0.7723738285361847 1.0668164070791206 3.514338364575114 0.732923993116654
381 17907 0 0 0 -3.7046989957965306 0.9051033942922974 0.0057255029114562156 0.8792759249517673 0.7713646272411563 1.0667087882548694 3.51271817053002 0.7310450468977069
382 17954 0 0 0 -3.7028985621992594 0.9044244198397186 0.005726088046873532 0.8801075095519231 0.7720022497029627 1.0666792802296357 3.5091562558396783 0.730426928570802
383 18001 0 0 0 -3.7041703964917065 0.9047801864019298 0.00572695769752371 0.8798095892671295 0.7716298463952618 1.0666293096303905 3.515619526507999 0.7313578886998641
384 18048 0 0 0 -3.7058877010256857 0.9080467837067275 0.005726805509060076 0.8792579615180157 0.7707250652357003 1.0666398449944092 3.511711299715821 0.733802224130191
385 18095 0 0 0 -3.704725472331834 0.9119838097534494 0.005725807886832846 0.8785635531071901 0.7708094650373626 1.066255247913071 3.5151716787336937 0.7348283246543648
386 18142 0 0 0 -3.6982082477599443 0.9103655983494663 0.005725769809293092 0.8787092983546471 0.7697676229215893 1.0660740150913612 3.520312234341116 0.7353011887799837
387 18189 0 0 0 -3.7011298892561757 0.9094144832784784 0.00572521445827781 0.8783098732153705 0.7692522519829295 1.0660560743360534 3.5156732293195097 0.7347402450917219
388 18236 0 0 0 -3.7069672236256483 0.9071626026473746 0.005725230108776743 0.8773739767910126 0.7692330948063245 1.0660098499990267 3.5125172601554704 0.7327406385005375
389 18283 0 0 0 -3.709306987905678 0.9083245432203384 0.005724156640925733 0.8781849644222692 0.7693025600354968 1.065704639583906 3.5106717198315818 0.7356057252307818
390 18330 0 0 0 -3.7064857259373243 0.9075076927871654 0.005724326315400191 0.8784752046502259 0.76902891983273 1.0655108018170505 3.5108862443964606 0.7386121977336515
391 18377 0 0 0 -3.7035060032142844 0.9037808531299194 0.005724276023417932 0.8791795996808363 0.7689136903506252 1.0651987395097902 3.5076234800481343 0.7398969647397434
392 18424 0 0 0 -3.70540045199803 0.9053282779218629 0.005724470207833178 0.8793259410653601 0.768294752263231 1.065233481568957 3.5035323211344283 0.7366864393710598
393 18471 0 0 0 -3.718655876509806 0.9088268260368587 0.005725188666356675 0.8789500392195052 0.7689012930163711 1.0649484159945146 3.4980600018270307 0.7374587452808102
394 18518 0 0 0 -3.728472581552083 0.9072992862574187 0.005725278785048466 0.8785894043567447 0.7682181548706154 1.0651356981934335 3.4935669227650488 0.7426697958847238
395 18565 0 0 0 -3.7205234760075663 0.907655636165846 0.005725648128293848 0.8781787129868226 0.7679548022912737 1.0652006661899684 3.504152461331174 0.7438237166639634
396 18612 0 0 0 -3.716970730639049 0.9118065092530415 0.0057255695524218355 0.877986543540558 0.7679407158556038 1.0645891488354011 3.4991156625411732 0.7458173226489376
397 18659 0 0 0 -3.7264656419280864 0.9070667432542315 0.005725393035313095 0.8783477152284453 0.7673905427898529 1.0646636951441153 3.495461312050263 0.7450767188641169
398 18706 0 0 0 -3.7206814040027303 0.9108368552769266 0.005726659037727731 0.8784359578570569 0.7679614143311019 1.0647158406219828 3.4960125714487167 0.7452655008877882
399 18753 0 0 0 -3.728675063363002 0.9113443008125319 0.005726737617408543 0.8780882263596594 0.7682265978389186 1.0647097054246788 3.495990414206981 0.7467832614104406
400 18800 0 0 0 -3.7281322542948234 0.9099835997043944 0.005726662472776581 0.8779785615761783 0.7694049513083063 1.0645064064630123 3.4938434124363056 0.7444440266310816
401 18847 0 0 0 -3.7293143960526023 0.9088910007423361 0.005726189105265995 0.8788561105458741 0.769381581936449 1.064159253943408 3.4918895192854404 0.7461413838634317
402 18894 0 0 0 -3.7297136636021513 0.9129106328698042 0.005726599336453481 0.8788931505644011 0.769576843943455 1.0645988393943122 3.487605534356811 0.7455781009723883
403 18941 0 0 0 -3.7366951240429094 0.9125651664106714 0.005727355242233558 0.879199822017442 0.7699608245997637 1.0648221839935077 3.4946946434245127 0.747371993132303
404 18988 0 0 0 -3.7396986681168296 0.9137403158807812 0.005726816200937774 0.8791124156139045 0.7705012405399455 1.0650201592443644 3.4902613013010884 0.7461072991146097
405 19035 0 0 0 -3.7487295641925464 0.91407643044617 0.005726583163064268 0.8793321560328958 0.7710410827938663 1.0651017951880222 3.487210700320298 0.7431322586974469
406 19082 0 0 0 -3.7489287832889637 0.9132034299913525 0.005726658447030666 0.8797022055656442 0.771430739694771 1.065372945299825 3.4887506039965204 0.7441498414241983
407 19129 0 0 0 -3.7558110106224705 0.9125797446766252 0.0057272322039509755 0.8800258835796193 0.7708919139728825 1.065751561786183 3.4873113107093254 0.740127908836088
408 19176 0 0 0 -3.759684442726505 0.918321606125367 0.005726650687807645 0.8803110267750858 0.7718256556252466 1.065984540806942 3.4870844286906126 0.7394679252197874
409 19223 0 0 0 -3.752373003529154 0.9151804333483988 0.005726482881013506 0.8803380254954867 0.7730174297494434 1.0652693493182692 3.484743738006049 0.7374746713259942
410 19270 0 0 0 -3.756645476191752 0.9131425071643335 0.0057271942897166505 0.8799307343273514 0.7713378176718715 1.06557238184543 3.4890199614860418 0.7406463238841762
411 19317 0 0 0 -3.7556466782981097 0.912439327978817 0.005726342156807982 0.8805775183895442 0.7719029920314773 1.0658736698773112 3.4936476915120394 0.7390880798283879
412 19364 0 0 0 -3.7476273275027094 0.9139078776255647 0.005726999565400783 0.8810785796668041 0.7709597213016722 1.0659218489690991 3.4902906582745317 0.7383224264610617
413 19411 0 0 0 -3.7432373835375046 0.9136266771407591 0.005727315877950848 0.8813091648400849 0.7712148044865472 1.0656742672180932 3.489667319133428 0.7376590307118197
414 19458 0 0 0 -3.7461687273956747 0.9155160086515713 0.00572801288289947 0.8814417933448971 0.7720871008986091 1.0662864240287362 3.4916047838589184 0.7389008358517406
415 19505 0 0 0 -3.7465637618320633 0.9151518997820922 0.005727807956904695 0.8809477633678595 0.7742009634187924 1.0669197834866022 3.4885278999381493 0.7384236508963916
416 19552 0 0 0 -3.754564033085206 0.916763532002486 0.005727417198656507 0.8803435141051065 0.7745276635916839 1.0670658350843416 3.4854061438714328 0.7425668782933239
417 19599 0 0 0 -3.753486136787308 0.9175567757135462 0.0057276527989593646 0.8801259768615877 0.7739554449475533 1.0668570894042249 3.4819673878401787 0.7431156420812828
418 19646 0 0 0 -3.7548204887265806 0.9184752018551965 0.005727366030549249 0.8798009266883756 0.7739751845379661 1.0664136657372731 3.4817475745649773 0.7425357221911826
419 19693 0 0 0 -3.7585521101731407 0.9193638604542249 0.005728287687362349 0.8792033898074565 0.7749582741622292 1.0659919350486469 3.4762297235050137 0.7424237577460371
420 19740 0 0 0 -3.760737449841357 0.9167994785522985 0.005727479689292647 0.8789241856016874 0.7757306043724571 1.0658432727753258 3.474532447713228 0.7410316493774279
421 19787 0 0 0 -3.7575517418911732 0.9154170344950378 0.0057270042248699525 0.8784178703541061 0.7756174281140911 1.065607313028824 3.4661468397803006 0.739187900840413
422 19834 0 0 0 -3.7587316910427444 0.9143467734666799 0.005726477279262777 0.8780478458080372 0.774513616505383 1.065788122738003 3.463594455239341 0.7355485272926607
423 19881 0 0 0 -3.758634809848076 0.9165165990254973 0.00572614557821598 0.8777459225614677 0.7760552715200651 1.0663567372167346 3.468537456681582 0.7352950709625634
424 19928 0 0 0 -3.7561388453410394 0.9162508153198915 0.005726074716913709 0.8780991701220362 0.7771413655431179 1.0664828953191154 3.467410574452631 0.7380617053890886
425 19975 0 0 0 -3.754910352142361 0.916567939081341 0.005726456661190373 0.8774734860625492 0.7774301803449182 1.0671411186196633 3.4697650514589307 0.7372836229513722
426 20022 0 0 0 -3.7590847109092946 0.9130750044961389 0.005726678025680491 0.8771215032078664 0.7785302959934732 1.067301286372591 3.4698030578168115 0.7351168082375524
427 20069 0 0 0 -3.751104599430849 0.9145018686144283 0.005727272433282471 0.8774120345572782 0.7769988696253264 1.0670031861315896 3.469917204156378 0.7312147293687635
428 20116 0 0 0 -3.7584037105017254 0.9146829954575098 0.0057267265647208045 0.8775841251588019 0.7787509411309201 1.066410181974809 3.4739976191742055 0.730903662448899
429 20163 0 0 0 -3.7615107879884304 0.914390816651151 0.005727022437125834 0.8774900723002137 0.780687540116353 1.06645443044558 3.4731233891160542 0.7318323887574794
430 20210 0 0 0 -3.755655326244082 0.9149918481460932 0.005726689607874696 0.8773800923476712 0.7799166427268276 1.0655807745552839 3.471012961801598 0.7324776291614516
431 20257 0 0 0 -3.749028581752955 0.9161418032008882 0.005727001586441955 0.8771325597725362 0.7789989192086901 1.0662491111119934 3.467772133960202 0.7313246360603135
432 20304 0 0 0 -3.7460652401097407 0.9168381015460395 0.005726505758219436 0.8779597311073873 0.7770464079260043 1.0662311859511764 3.472188569284265 0.7296647299728292
433 20351 0 0 0 -3.7429578464535793 0.9172426770794939 0.005726550866780881 0.8777845224281932 0.7764962962105213 1.0663124705271314 3.473466727255095 0.7310902245346893
434 20398 0 0 0 -3.74526721123122 0.9188586715716885 0.005726882873409613 0.8781720616210962 0.7760677849219764 1.06536794906579 3.474670686799689 0.7318325427848246
435 20445 0 0 0 -3.743014541622142 0.9167382255030231 0.005726886290290794 0.8778405918445816 0.7748650514776296 1.0657883268401154 3.473324434537072 0.733926901354676
436 20492 0 0 0 -3.738543988498405 0.9157670942953906 0.0057271649559326775 0.8778118257119991 0.7761740851864238 1.0659985096487201 3.474509399206879 0.734872555809226
437 20539 0 0 0 -3.7399592241117103 0.9136516711459264 0.005727421083774588 0.8780254611756003 0.7766405441788823 1.0659207934087507 3.474252916308274 0.7343122938839454
438 20586 0 0 0 -3.742533571698248 0.9141781888496479 0.005727462825075927 0.8781862951830223 0.7766781269276062 1.065511466918328 3.4747607960869695 0.7341089746025066
439 20633 0 0 0 -3.743670228315583 0.9149268617398552 0.005727558751819736 0.8781370773458156 0.7767733882948704 1.0657615360221457 3.4740361896184484 0.7341464882616423
440 20680 0 0 0 -3.7427614279143446 0.9145712319587921 0.005727560446812799 0.8784208119169105 0.7760567952056422 1.0657360030638965 3.473346561871599 0.7332197537995561
441 20727 0 0 0 -3.743409977409157 0.9159081501599937 0.005727293628868308 0.8785654813158926 0.7754074065223241 1.0659333903528772 3.472152112998135 0.7333327723799783
442 20774 0 0 0 -3.7445952412584393 0.9158224076956785 0.005727112537719047 0.8785909952696038 0.7761387608833875 1.0659269595215028 3.473201909671355 0.7332557423199534
443 20821 0 0 0 -3.74339136885401 0.9162411464741467 0.005726868150057021 0.8786874338664261 0.7764152296985263 1.0660817959901685 3.4749618008139342 0.732551752872318
444 20868 0 0 0 -3.7451202808146977 0.9159868311967003 0.005727038995217761 0.8786986982530978 0.7773020285784655 1.0659331761103594 3.474209461595407 0.7324468694851878
445 20915 0 0 0 -3.7442968304220954 0.9158502595322656 0.005726749446411462 0.8786475948026287 0.7771919199181768 1.0658790773127726 3.4726899970314777 0.732981080757406
446 20962 0 0 0 -3.7443816771975524 0.9163257107074587 0.00572682314068172 0.8788619589150932 0.7765057271714099 1.06582134735886 3.4729915836154017 0.7331021300282426
447 21009 0 0 0 -3.7441232080876223 0.9170438886298893 0.0057269833925586685 0.8788257956172983 0.7771649837123863 1.0655402513162686 3.473235939172532 0.7331541642036954
448 21056 0 0 0 -3.744740942965828 0.916245124430728 0.005726860999273914 0.8791898155302698 0.7768647491526065 1.0661223470421284 3.4729315711130537 0.7335258225096843
449 21103 0 0 0 -3.7437246067636702 0.9149186450330552 0.005726825597666277 0.8791623994369656 0.7770860092783346 1.0660876912353026 3.4734828495324366 0.7344500788143756
450 21150 0 0 0 -3.744000544256545 0.9147536244582285 0.005727155495476956 0.8789162115797512 0.7775533881794361 1.0662057446952369 3.4713441315430793 0.7335536211533537
451 21197 0 0 0 -3.7443201285873076 0.9158094091254546 0.005727179177965146 0.8791260117407342 0.7788593916464781 1.06607427412985 3.4714450910343566 0.7333307481172715
452 21244 0 0 0 -3.7426780205992336 0.9152830225182486 0.005727414429922931 0.8788740033425545 0.7792447583244696 1.0660465264348222 3.470792078308001 0.7329248824639372
453 21291 0 0 0 -3.7410870014303956 0.9152715538572948 0.005727213519729533 0.8787394379449451 0.779233580775719 1.0657527680409287 3.4729652057016756 0.7332155576476392
454 21338 0 0 0 -3.7399082207037666 0.9148529629715919 0.005727219964342406 0.8786827012785182 0.7800142666231369 1.065630090930991 3.4704696127907666 0.7327315650645748
455 21385 0 0 0 -3.7387866453050265 0.9149526126858111 0.00572708506690454 0.8788461925479583 0.7794093279629778 1.0655989988659116 3.4731264886116517 0.7327538531632558
456 21432 0 0 0 -3.7378324851415083 0.9150492480572328 0.0057271844101014135 0.8787948389375373 0.779294717917576 1.065504145939947 3.474552079830949 0.7326380181735256
457 21479 0 0 0 -3.7373793263177513 0.913336911906172 0.005726976590844424 0.8784566181342061 0.7805115629349348 1.0657187982306315 3.4740603425441785 0.7329899900754866
458 21526 0 0 0 -3.737256857479514 0.9133208085625937 0.005726928349651477 0.878625731474993 0.7800933384963532 1.0651664997254133 3.472231477743722 0.7333305345932912
459 21573 0 0 0 -3.7377211970114503 0.913275961361534 0.005726804392910751 0.8787010441641917 0.7786970665445883 1.0651946072797773 3.4724239122004215 0.7332045627876284
460 21620 0 0 0 -3.7381570368966552 0.9133497721060411 0.0057268323676759585 0.8784332136713305 0.7792747959295679 1.065018567942258 3.473050831567924 0.7328407595490233
461 21667 0 0 0 -3.738122466668373 0.9135072021141432 0.005726943871398041 0.8781582826381586 0.7802869305090524 1.0650430253435883 3.4717292398888113 0.7325177284838551
462 21714 0 0 0 -3.7390068691758467 0.9139346288100287 0.00572695512464157 0.8780019992805468 0.7795754797377509 1.0653012271502889 3.473350705475936 0.7326702258107718
463 21761 0 0 0 -3.7389732144945382 0.9141017974012354 0.005726993513104382 0.8781864615089099 0.7782543668449706 1.0654921822320744 3.471933763109523 0.7324612268338563
464 21808 0 0 0 -3.7382547397625467 0.9144049302263954 0.005727101624142204 0.8781436907412745 0.7793550028957338 1.0655218374240119 3.4710106138631875 0.7325973499740697
465 21855 0 0 0 -3.7373837155575402 0.9147768602501323 0.005727195957645573 0.8784333813240891 0.7793898003161865 1.0656687151518374 3.4709827833323303 0.7329152625304878
466 21902 0 0 0 -3.7372534543534828 0.9150051437223529 0.00572722908086795 0.8783773790438844 0.7808708090439485 1.0654832140198534 3.4712329413763254 0.7326557944377626
467 21949 0 0 0 -3.738559802892364 0.9144487293235287 0.005727367941735105 0.8784792972817385 0.7822023584777057 1.065499968625048 3.4706909232830827 0.732702726205512
468 21996 0 0 0 -3.7386689700030007 0.9153815450197369 0.005727389043715916 0.8783086638002997 0.7813370926947318 1.0654216686592843 3.471533196159565 0.7327032008449348
469 22043 0 0 0 -3.7394869418670855 0.9150852464791586 0.005727423793060461 0.8783555884224542 0.7829255954122947 1.065636014321889 3.472891222831237 0.7323967047303486
470 22090 0 0 0 -3.7391519598221623 0.9156726397011301 0.0057273975001210006 0.8782955011535691 0.783571695555498 1.0658515654017127 3.4731253319498334 0.7325136455984804
471 22137 0 0 0 -3.74000342477175 0.9156757991097203 0.005727468048864847 0.8782366508409402 0.7824578091378847 1.0659052454268838 3.4717587135959205 0.7327269535976078
472 22184 0 0 0 -3.7406788962678252 0.9156785158794913 0.00572746894382454 0.8783701288167003 0.7808574266336483 1.0658902853384886 3.4705573299151236 0.7326617577446348
473 22231 0 0 0 -3.740398381563588 0.915898015762362 0.0057275068663591696 0.8781946948294035 0.7815284682616715 1.066044757782716 3.470293046324594 0.7331034625993208
474 22278 0 0 0 -3.741006873006855 0.9158893796633697 0.005727372616102219 0.8782009939718738 0.7830560714941047 1.0659993591027315 3.471578253807039 0.7333279454440953
475 22325 0 0 0 -3.7418238326254025 0.9158805844694707 0.005727350291650737 0.8780658444508261 0.7825876934986709 1.0659774698854532 3.4715357420204254 0.7333297436434266
476 22372 0 0 0 -3.7427630021666576 0.9157114212193045 0.005727191611682076 0.8780362480660993 0.7824590765092618 1.0657066066335792 3.4719214438528305 0.7330644823044459
477 22419 0 0 0 -3.7438090208734605 0.915279118437124 0.00572698877414738 0.8782700868521677 0.7812207708248566 1.065659721499078 3.4707360744593454 0.7322594592115265
478 22466 0 0 0 -3.744325026190936 0.9146312885165536 0.005727076805525619 0.8783886011554956 0.7801888618170817 1.065609049462322 3.4710395950797697 0.7319573146294415
479 22513 0 0 0 -3.7446797878280527 0.9146179122851937 0.005727093351038121 0.8784773079645851 0.780467292382568 1.0657067683103416 3.470419432545347 0.731252395343284
480 22560 0 0 0 -3.7460538166083857 0.9143864675647687 0.005726936589267037 0.8785988212327971 0.7795328857840993 1.0658548937482915 3.470215150237134 0.7312519238954205
481 22607 0 0 0 -3.7464205714195997 0.9141051034758477 0.005726844958651937 0.878291083119337 0.7802056621646694 1.0660375252833265 3.4707267931017562 0.7310774115416978
482 22654 0 0 0 -3.744181561748404 0.9144553720457358 0.005726911463203508 0.8780983056406317 0.7794201903476655 1.0660977865280499 3.4699567391848407 0.7311023919017341
483 22701 0 0 0 -3.7465037124344795 0.9145949355584336 0.005726962003094557 0.8779763284382222 0.7798463104443503 1.0662894853193785 3.470135634239941 0.7314653659211602
484 22748 0 0 0 -3.748359611060733 0.9148310741010652 0.0057274143491426715 0.8782327380213388 0.7788401966642043 1.0661265841290188 3.4702733659558214 0.7316533643278821
485 22795 0 0 0 -3.7496705207745484 0.9148701669347818 0.0057277057767158805 0.8784458475931975 0.7775654904994634 1.066136815262467 3.4716486339102324 0.7322228693667259
486 22842 0 0 0 -3.7498014496475087 0.9143429866656188 0.005727520885992623 0.8784795799956051 0.7786845537040795 1.0662026351035818 3.472987077554767 0.7329859072681549
487 22889 0 0 0 -3.7482958820024956 0.9145249861382364 0.005727167468023845 0.8783721388799808 0.7779812421878028 1.0663811518344521 3.4711507754324358 0.7328960956795958
488 22936 0 0 0 -3.7454751401681454 0.9150726583629959 0.005727297664019398 0.8783672596040469 0.779314240532806 1.0663397658217675 3.4691795407031187 0.7322677361351219
489 22983 0 0 0 -3.744789193137229 0.9148110669423202 0.0057273399572322 0.8785441431571004 0.779246551172783 1.0661703725818217 3.4686929673940767 0.7312541617934637
490 23030 0 0 0 -3.7444575794792527 0.9157038345455693 0.005727482188023129 0.8784008440350792 0.7808257898896801 1.0660171387433333 3.467134798401707 0.7312764379286482
491 23077 0 0 0 -3.745384875037142 0.9158588574752353 0.005727532700813441 0.8782030163177882 0.7763312634182425 1.0657857402117261 3.465694421146173 0.7310427870839142
492 23124 0 0 0 -3.7431525985965983 0.915536619112175 0.005727480543060381 0.8780901706795924 0.7745022361806239 1.0655003561955236 3.4663678130665354 0.7298932743321506
493 23171 0 0 0 -3.740430534302917 0.9146219376378635 0.0057270704181421415 0.8779818314847704 0.7758509603579937 1.065266405497272 3.4674708554411398 0.7295023179732207
494 23218 0 0 0 -3.7378348446180345 0.9168024513463586 0.005726941343819556 0.8783988927651469 0.7730703117410793 1.065709544071425 3.4708757104478396 0.7310536736804382
495 23265 0 0 0 -3.7419651634716016 0.9177882399542754 0.005726844699873037 0.8785926824931543 0.7698182438223581 1.0649619363320466 3.4701772602129313 0.7328219758068882
496 23312 0 0 0 -3.7433134069036713 0.9190062431813547 0.005726898417224307 0.8783968512179118 0.7701440573134821 1.0649379364334803 3.4724350171556444 0.7346203122067623
497 23359 0 0 0 -3.7442591476834837 0.919518149418347 0.005726973068489679 0.8783342212308051 0.7716768833439545 1.0649424154994196 3.473666808185142 0.7342228762425917
498 23406 0 0 0 -3.743202578692824 0.9195742032681391 0.00572714443425744 0.8780198954803962 0.7761739345437378 1.0648715447696333 3.476686361611064 0.7338755180768676
499 23453 0 0 0 -3.7419241512775128 0.9180748856472105 0.005727119162954888 0.8779650130744717 0.7715613407457067 1.0641561035165672 3.4778603846313243 0.7315695958240453
500 23500 0 0 0 -3.7414223574191667 0.9181536843497667 0.005727103874822671 0.8782382693447787 0.772964271347347 1.0636866031467145 3.4805719287332217 0.7309138942920536
501 23547 0 0 0 -3.739539999368109 0.9182543254760871 0.00572686147495152 0.8779198211544548 0.7743816918398253 1.0636328756596387 3.4826303059675134 0.7304636938659035
502 23594 0 0 0 -3.7393645181376165 0.9172583602548884 0.00572682840054319 0.8780403840751511 0.76686559988514 1.0644824474550993 3.4886215375364014 0.7284883147874675
503 23641 0 0 0 -3.73987263231071 0.916472744191923 0.005726650909364381 0.8777657945783536 0.7665417180564377 1.0647527059936432 3.480764606682422 0.7278371940812448
504 23688 0 0 0 -3.7394401483850253 0.9161443025971909 0.005726501221653843 0.8778970873056823 0.7624595717505027 1.064557552910532 3.4724592987226126 0.7280377099712062
505 23735 0 0 0 -3.738707952541947 0.9151966583152186 0.00572681436778731 0.8777509461905854 0.7602223546961062 1.064327768841711 3.472910741588214 0.7285596139641957
506 23782 0 0 0 -3.7405788619384968 0.9154405622985539 0.005726668138127916 0.8774545059842955 0.7617239353032428 1.0638967510341981 3.4762999112437227 0.7296444766383939
507 23829 0 0 0 -3.739330891583935 0.9151632306782762 0.005726636901380327 0.8775522262658159 0.7617369778364413 1.0640687276683838 3.474884715331771 0.7308322548738692
508 23876 0 0 0 -3.739347229734411 0.9146993686629082 0.00572680871367901 0.877709377444151 0.7626593066167413 1.0637778119509005 3.479388169874528 0.7313579413578798
509 23923 0 0 0 -3.7384556859744347 0.9143684140163174 0.005726829215277069 0.8776703968637264 0.7632243664549948 1.0641935846596775 3.483707804575351 0.7308852839542436
510 23970 0 0 0 -3.7383324569729988 0.9143933038012497 0.005726803244183293 0.8777304917779052 0.7600841067834934 1.0644864587209508 3.4799971105848027 0.7305395569028524
511 24017 0 0 0 -3.736909840991856 0.9138759732365578 0.005726672375746443 0.8776892339194649 0.7626620244969962 1.0646854199698448 3.4826227675111645 0.7323111630597716
512 24064 0 0 0 -3.737492530562041 0.9139249033416049 0.0057268122790192725 0.8775075753317452 0.7615503385108595 1.0648945413029074 3.487753137954115 0.7324225181218784
513 24111 0 0 0 -3.738951854119037 0.9141078251283459 0.005726545772438775 0.8776495097842084 0.7621531852506713 1.0645633896004785 3.486052524819498 0.7333349026868741
514 24158 0 0 0 -3.7389886628627367 0.9142951733535455 0.005726513228347146 0.8777863484113436 0.7630942969882828 1.0648341108573474 3.4883871727580544 0.7340947995483396
515 24205 0 0 0 -3.739571105318008 0.9147300829776975 0.0057263702985148905 0.8779925997519942 0.7632841114982329 1.0650266820345018 3.4973563256420763 0.7332670449530703
516 24252 0 0 0 -3.7391212401382132 0.9138366546998142 0.005726738209247855 0.877805757513584 0.7657397116122237 1.064848462972962 3.4926166266192786 0.7315422751672779
517 24299 0 0 0 -3.7387964586653837 0.9139147608736765 0.005726496702549795 0.8777221146466593 0.7621004753788103 1.0649533329740863 3.4973306510472852 0.7299094654786535
518 24346 0 0 0 -3.7380509527086345 0.9131971542992211 0.005726290058143874 0.8775996932868203 0.7618113581442211 1.0648077860250484 3.5037380106037084 0.7301754011694772
519 24393 0 0 0 -3.7387707536212567 0.9130047359925079 0.0057262809812086675 0.8776225439624118 0.7650079989529284 1.0652396447246946 3.5135686960035994 0.7300380325219863
520 24440 0 0 0 -3.737832855356878 0.9129786757209799 0.005726394520901726 0.8778103336627495 0.7650983928089012 1.0654066023756124 3.509034959551026 0.7302889167198269
521 24487 0 0 0 -3.7369306164792326 0.9124031385467659 0.005726379320822926 0.8778856261099546 0.7651261249555736 1.0650159694375334 3.508130546863795 0.7315834077860929
522 24534 0 0 0 -3.73706015493775 0.9117504490711862 0.005726202812906675 0.8777990548214908 0.765095496421522 1.0658184421002646 3.5137542506176636 0.7317725430253597
523 24581 0 0 0 -3.736497900805146 0.9121535509220897 0.005726034511785545 0.8778753870625644 0.763265498083531 1.066397562761537 3.513289017375848 0.7317076519214099
524 24628 0 0 0 -3.7375692122047397 0.9116259603360357 0.0057262879467690035 0.8778152008599236 0.7646562033236076 1.065867761651075 3.5110416673328646 0.7324840923460767
525 24675 0 0 0 -3.736667387148849 0.9112982395715965 0.005726298324040528 0.8778568719807215 0.7646675994234826 1.0666109727342448 3.5024395200323144 0.7315936751291165
526 24722 0 0 0 -3.736127028684222 0.9124856805054812 0.0057263339686962605 0.8779040391383955 0.7655173385320883 1.0660209953640052 3.5084653163388198 0.732043204898736
527 24769 0 0 0 -3.7352586702966257 0.9122236979511766 0.005726318392009408 0.877904773892909 0.7653461531000821 1.0664867938389913 3.50694138820422 0.7316854990916195
528 24816 0 0 0 -3.7347665547104403 0.9119495303153243 0.005726244794886438 0.8779574748686039 0.7658615908816413 1.0656724680809198 3.502299785481146 0.7329063726720013
529 24863 0 0 0 -3.734046506048754 0.9119777524423701 0.0057261897630525235 0.8778392223402989 0.7656958183817364 1.0658956743507095 3.4993402277933536 0.7328891834377009
530 24910 0 0 0 -3.734832625702566 0.9121902762956374 0.0057261880246334915 0.8779447319711111 0.7670335504529485 1.0654780439776386 3.486262238416585 0.7332915248425871
531 24957 0 0 0 -3.7358544038496335 0.9125974438476158 0.0057262620970916925 0.8780485313035161 0.7666340796842536 1.0653747693684235 3.4926534545661343 0.7338217447411705
532 25004 0 0 0 -3.735068731017711 0.9124466675413927 0.005726296076686067 0.8781384563792316 0.7661695937225995 1.0649924335885312 3.498032145199306 0.7346934598388122
533 25051 0 0 0 -3.7353798342677647 0.9124217292749901 0.005726342219635832 0.8783095207175574 0.7655556125071324 1.0645501968020958 3.50404764358562 0.7346731231088228
534 25098 0 0 0 -3.7358704638904294 0.9133927518569245 0.005726356851772463 0.8782484750825642 0.7659843734422297 1.064052846440929 3.501962652141517 0.7350383948715364
535 25145 0 0 0 -3.73583216456097 0.913823927268412 0.00572622161824115 0.8781072541385483 0.7650334741494682 1.0638193632507176 3.504045066916055 0.7336051542725104
536 25192 0 0 0 -3.735741637979744 0.9125572275514354 0.005726170952866051 0.8780968729673452 0.7663588913330122 1.0644402184779753 3.5080924303618275 0.7350347814942789
537 25239 0 0 0 -3.7360710522534637 0.9130882202623474 0.005726219894292886 0.8780475129119241 0.7667815067203363 1.06457683012655 3.5080979919495356 0.7348982323923617
538 25286 0 0 0 -3.735505001668393 0.9127504412835963 0.0057262526988928735 0.8779840993388718 0.7662623463168694 1.06443211997343 3.510823515364358 0.7344818240345508
539 25333 0 0 0 -3.735561240400801 0.9124422984956738 0.005726293327514667 0.8778937182799844 0.7645881194976029 1.0647733529331622 3.5108677990304864 0.734314131818958
540 25380 0 0 0 -3.7354906132693126 0.912703693129302 0.005726277586712169 0.8779889279484067 0.7650836454959598 1.064519058580556 3.5108758358799887 0.7342334339033563
541 25427 0 0 0 -3.7359467595492837 0.9122806079667107 0.0057263775435966 0.8780868716610339 0.763987145117069 1.0641044275421767 3.509120449571377 0.7344327591445143
542 25474 0 0 0 -3.7361983150879854 0.9124340673779038 0.0057264107780304226 0.8781324439110555 0.7637931657310323 1.064534698432683 3.5082435272400603 0.7342968575015508
543 25521 0 0 0 -3.735352359012893 0.912620151763848 0.005726443969034497 0.8781004963776783 0.7614341318400434 1.0644897526189303 3.505470158205906 0.7344848386939788
544 25568 0 0 0 -3.735284298269597 0.9128205856506406 0.005726430811255439 0.8781411510905618 0.760170311536921 1.0644352639558128 3.501947480707768 0.734629561746329
545 25615 0 0 0 -3.7350151078650837 0.9119383147494413 0.0057264771488384865 0.8783116192496286 0.7562856635401001 1.0649957825777479 3.5053533491066418 0.734642355090516
546 25662 0 0 0 -3.7350774285096926 0.911981113547957 0.0057264984205887305 0.8782714123340052 0.7568306065261926 1.0654713069579451 3.5042426168667133 0.7346803064166869
547 25709 0 0 0 -3.7350053397106144 0.9116047289658122 0.005726448020270689 0.8782144155953335 0.7568193725289871 1.0652215339995823 3.508399531393376 0.7342570057684245
548 25756 0 0 0 -3.735142757559381 0.9119725860713007 0.005726452195248704 0.8780735109182047 0.7552635069668622 1.0653437021356158 3.514710431699588 0.7338646113844381
549 25803 0 0 0 -3.7350958412995428 0.9119266909220184 0.005726439489029659 0.8781480978299291 0.7546218708730166 1.065617561803968 3.5219247518729677 0.7342530534963634
550 25850 0 0 0 -3.734985225640098 0.9122404962250575 0.005726504257236865 0.8781143558588402 0.7552092424555942 1.0657500245005027 3.5238857343097694 0.7340093223529043
551 25897 0 0 0 -3.734517618930766 0.9121612608117533 0.005726494360911536 0.8782110632783071 0.757332569843965 1.0658291031799325 3.5309167802726393 0.7337815782954858
552 25944 0 0 0 -3.7349765557287435 0.9117516702682812 0.005726401841985938 0.8782648057534663 0.758810391929124 1.066151208353482 3.5286811608607818 0.7346808222936362
553 25991 0 0 0 -3.735105653250261 0.9114942713845924 0.005726307269509433 0.8781839451139096 0.7584485906925172 1.0666059432248425 3.5215820490551075 0.7346988122503033
554 26038 0 0 0 -3.7346939400279506 0.9119065273401148 0.0057264077496259405 0.8782034844414374 0.7586870946959846 1.06627905080146 3.5303069015946282 0.7341102147377512
555 26085 0 0 0 -3.734436350400807 0.9112248510791728 0.0057264218893573375 0.8784705702801929 0.759608059250902 1.0661802475387592 3.547594318912036 0.7345603192744344
556 26132 0 0 0 -3.7343215115474284 0.9108706960290338 0.005726353050349177 0.8786951720251739 0.7576594540252751 1.065922268835319 3.561075296796423 0.733529552870191
557 26179 0 0 0 -3.73442087140756 0.9106718382312415 0.0057263131353030875 0.8789425875882142 0.7565483812831807 1.0665467734176517 3.5785703965424194 0.7343484191536369
558 26226 0 0 0 -3.733768435926795 0.9108190755640967 0.0057263012213754705 0.8790480678747189 0.7561948816531096 1.0658392669039185 3.561020339836049 0.7348109926932757
559 26273 0 0 0 -3.7337174508128124 0.9115151736281575 0.00572616665156158 0.879258832748609 0.7580235820540716 1.0659900205946722 3.5411898419553465 0.7350021818859841
560 26320 0 0 0 -3.733061639850795 0.9116694685039192 0.005726222465976771 0.8789814917594322 0.7565750844847986 1.0654004404030148 3.5626845598739445 0.7345321667094572
561 26367 0 0 0 -3.733069162088891 0.9106491666683272 0.005726230716412339 0.8792859205826294 0.7566866670229083 1.0643487308639026 3.558590743506614 0.7353341079710684
562 26414 0 0 0 -3.732968390680734 0.9107532995341815 0.005726365989268159 0.8793217451459393 0.7528832264752345 1.0644352574105411 3.55802581797269 0.7358245735427614
563 26461 0 0 0 -3.7332809370090128 0.9109414884580052 0.005726373229487695 0.8792484323214778 0.751384589830037 1.065096622988391 3.4923502279634495 0.7360977608534194
564 26508 0 0 0 -3.7342473312020066 0.9114065085049878 0.005726250840440904 0.8793244691821017 0.7556305693120031 1.0644498500733457 3.506239448413912 0.7355226839713385
565 26555 0 0 0 -3.7344748748711334 0.9112127664165632 0.0057261977945976495 0.8793260023918162 0.7541343605896464 1.0644003607466292 3.4911689140761304 0.7361120263383987
566 26602 0 0 0 -3.7346555799900374 0.9109959113499173 0.00572618152866065 0.8795860790191422 0.7574765603257542 1.063723197077831 3.4709520131307494 0.736234743509291
567 26649 0 0 0 -3.7342887594512875 0.9110421391507451 0.005726154963019249 0.8795525339776992 0.7561788630727304 1.0640439082407795 3.477567154409263 0.7365718674579085
568 26696 0 0 0 -3.7338394465829703 0.9112661995193316 0.005726183617904852 0.8796465531510993 0.7532194454623476 1.0642329043173824 3.4675321052035164 0.736438395926384
569 26743 0 0 0 -3.734093413148045 0.911121595203388 0.005726243211026004 0.8798373034337885 0.7515436712815504 1.0642066010659454 3.4735001528322007 0.736344745163972
570 26790 0 0 0 -3.733946397717828 0.9112627217227791 0.0057261474657900975 0.8799279474638176 0.7548529645174342 1.064159760381363 3.482846506937201 0.7362859239367071
571 26837 0 0 0 -3.7340784233224564 0.9112867798721304 0.005726172383901614 0.8801609809313093 0.7541586292183722 1.0641183386928714 3.484786801092023 0.7360045303323565
572 26884 0 0 0 -3.733933680975246 0.9111649904788988 0.005726172333094352 0.8802778952375545 0.7520948140922655 1.0639310851035702 3.483941883814087 0.7360102129206724
573 26931 0 0 0 -3.7341384510410967 0.9115903118709401 0.005726102401621474 0.8803130119342195 0.7522417197827403 1.0645406733899079 3.4770321021559902 0.7360191850181564
574 26978 0 0 0 -3.7339696079329605 0.9116716113875099 0.005726170487236826 0.880048295800784 0.7531960923055987 1.0645471712548435 3.475248973299674 0.736050303605361
575 27025 0 0 0 -3.7340419394568354 0.9121763524088022 0.0057261279212096235 0.8802513165520678 0.7497313561395659 1.0643755250439861 3.460112308274604 0.7360762284574405
576 27072 0 0 0 -3.7338749696166293 0.9119057091195593 0.005726116056323146 0.8804730990240702 0.7515540030120361 1.0648565104074241 3.459910717057244 0.735957835533132
577 27119 0 0 0 -3.7333485805976756 0.9118741896751371 0.005726063582623428 0.8802894379122558 0.7506764501090025 1.0649246563909918 3.4703426430235416 0.7360499661640747
578 27166 0 0 0 -3.733948555273762 0.9119870879823999 0.0057260418106950435 0.8803728755158495 0.749470237574532 1.0649706766017772 3.4609648134930358 0.7362032110106004
579 27213 0 0 0 -3.7342041685253973 0.9123863629752468 0.005726064915720149 0.8800373838587906 0.7484502025893097 1.0651932299906617 3.465778823331137 0.7362117181888271
580 27260 0 0 0 -3.7342059429126286 0.9123245666903244 0.005726058591007987 0.8801062872376483 0.7527763675406619 1.0648994369686853 3.474475014927898 0.7361299131676868
581 27307 0 0 0 -3.7338866656447016 0.912174796250521 0.005726132320264926 0.880133083153297 0.75434327806895 1.0645888657401903 3.470252207632806 0.7360111868748548
582 27354 0 0 0 -3.734242539732203 0.9122872125956448 0.005726143412134856 0.8799600842405686 0.7575923384105927 1.0646543980493268 3.4703060737483087 0.7362344821285992
583 27401 0 0 0 -3.7339326093309855 0.912482252443213 0.005726125822680583 0.8798383711344102 0.7606771442811714 1.0641552787245427 3.4675786811297162 0.7361829177630059
584 27448 0 0 0 -3.7340586997163823 0.9122203903401753 0.005726156572705426 0.8801851286943629 0.7611672699043993 1.0637140326032346 3.4867219385456236 0.7362279514695342
585 27495 0 0 0 -3.7339795858960585 0.9122802497433189 0.005726166630914718 0.8803273600775133 0.7621492383131818 1.064095378999825 3.505745917761921 0.7362822166481691
