% # columns="iter, evals, sigma, 0, fitness, xbest" seed=665382, Tue Aug 19 02:20:59 2025, <python>{}</python>
1 31 0.31376470779174676 0 0.9877733485706193 0.6311489762561595 0.27291567249208026 0.5716441470408511 1.694221697233857 0.4410900339207438 0.23114958536022573 1.2392341784104806 1.2448580205997277
2 62 0.27097694662541477 0 0.9794018799268313 0.30542289518876053 0.018451891088656608 0.2912976983227558 1.0808311459582518 0.8666626531573236 0.22516582055443973 1.1944607015756268 0.932291649077643
3 93 0.30242901663034893 0 0.9852723144323899 0.6186698840174092 0.6116938183440851 0.6634255422863136 1.6315794450388235 0.2977246747498313 0.5812118591638449 1.3790578830685012 1.0422564908342147
4 124 0.36513415401578675 0 0.9861418092022667 0.5882290230142296 0.6030534095080259 1.0735931307687423 1.3888996625941288 0.4416089620597178 0.24675677467742568 1.453386668987397 1.225596896836917
5 155 0.4240051448428621 0 0.9847500575722107 -0.06611894275888391 0.2656299779979413 1.014039466403339 0.9340076662662193 0.062203388783660885 0.32301748704680017 1.57046187902365 1.493104910406612
6 186 0.4451687705657785 0 0.9851882424180985 0.5071058299817622 0.7556867596145875 0.7527726676396219 1.6261087471330902 0.619314463215095 0.4706660775608619 1.2523345242308608 1.7311607749445634
7 217 0.4750221389002353 0 0.9845952466554722 0.43069291329152604 1.0631741695540435 0.9771327484216965 1.5188027123787675 -0.27437917595342864 0.5357307557264107 1.341075197246156 1.3509339351253185
8 248 0.4556792613941279 0 0.9848936066086225 0.5237096118582635 0.1569739861366194 0.655350508142846 1.2856770177188999 0.7131767868758724 0.4356776735738744 1.5766856563328284 1.0571146140211571
9 279 0.4157351101459881 0 0.9844125234396208 0.6159473469811143 0.9624985787459412 0.5127709796582465 1.4052598697780971 0.0931332595605262 0.7759445948326518 0.8636250071499114 1.1289177621450486
10 310 0.4256827721508521 0 0.9857622806990989 0.07075445431104288 0.7417437163287968 0.6418976634542247 1.1404971733083367 -0.12675128799825053 0.8761825985064169 1.5151003982331017 1.729835826047489
11 341 0.4345478236002608 0 0.9836111150969713 0.9754988905793223 0.5641413391093142 0.48916583353619353 1.3622734623631778 0.1257913214580552 0.7278777950242341 0.42523924783960176 1.5606212755089643
12 372 0.4705297688692494 0 0.9843084257190222 0.9643729740024962 1.1146110496492583 0.9748216127823042 1.2017370840081962 -0.24439721409778487 1.4258554359228688 1.0890760055568327 1.4620580676576083
13 403 0.4408134126624748 0 0.9853074873091923 0.6652799463360312 0.7503891324002042 0.8328468925930678 1.308825743907914 0.0037173268121902386 1.2853419064811948 0.7879488859707022 2.259274267560947
14 434 0.47180371340426996 0 0.982749266216408 1.8472419543405594 0.8376124018082882 1.1951840232798376 1.4512368679406766 0.29565625384104477 0.8005166081411145 1.3274780226687881 1.6972126014633835
15 465 0.49792260116841164 0 0.983059625575958 0.6290939604197683 0.9198096709363283 0.5332140813267469 1.763010047491738 0.8967679562927671 0.6780403360181337 1.3287126964467695 1.6682237539571139
16 496 0.4194190542720053 0 0.9845114288587202 0.6522600220526973 0.7879281722037124 0.3687670651743464 1.314430993926569 0.5295115653139439 0.6295195216112722 0.9220675856911911 1.7158307655555776
17 527 0.3982617171998451 0 0.9797826616329041 0.5859386676340889 0.7670985256563807 1.2791779172993059 1.1841945885075846 0.23967001824307044 1.1507166967015472 0.8136173440893018 2.1827548166661597
18 558 0.4577267049529937 0 0.9849717788612962 -0.2327249958351515 0.7052258118028029 0.4656683183267663 1.162317588083667 0.27770227085879073 0.6044173994129258 1.1163351229736165 1.575412670752564
19 589 0.4343254177554269 0 0.9866638168346067 0.599371141076275 0.7768334866045583 1.1037607752345089 1.9307306794218015 0.2840548027058827 0.20135670001093675 0.5453009970789087 1.4964633705568209
20 620 0.4690773193075244 0 0.9882235098090654 0.49015970204950937 0.5658884921309868 0.6368816177112654 1.557783365493921 0.4681513392928641 1.280235697091895 1.1393380608292643 1.2999049533550524
21 651 0.5232621404469356 0 0.9861036156442855 0.10270369988044015 1.3190389746142266 0.9158146427516358 1.2515489749031037 -0.6602980464731503 1.254798669326378 0.920103640101709 1.1953712657773354
22 682 0.5446227942060631 0 0.9713896223061633 0.8307417080708384 0.8081893397213741 0.8639974167403783 1.4785042569390534 -0.7053489350258628 1.4355961095519507 -0.16200895790237513 1.4298154177232756
23 713 0.5841681044879081 0 0.9849340151845593 1.7359972182098238 0.3513421478997837 1.6248577484406037 1.8737464167747708 0.07396258912776016 0.5937888057791771 0.8703370517748917 1.3766969285674255
24 744 0.6692511695603999 0 0.9849445707450808 -0.08729782671396058 0.6556192921977103 1.1950081364464264 1.8576267449374 -0.5947576381010721 2.018494662954268 0.44118789163872624 1.202204713090803
25 775 0.7230351280703019 0 0.9835189934790155 1.8747098176794506 0.45172564822207567 0.2436743333538417 2.1080915919133023 -1.0367908340524978 1.2974836811258286 -0.7829726533053076 1.9820586368074533
26 806 0.7579052704715296 0 0.9857772711707682 0.6924923175747093 0.3485879237274635 0.8854306404631821 2.2034932847102153 -0.19031210753411454 2.6759402316903924 0.7950255301025854 2.326128893905781
27 837 0.7931205301076251 0 0.9872920218270566 1.3364335515395305 0.9063086294862182 1.2629442818339383 2.210686985671349 -0.9655154363548321 0.9384154730974995 -0.04338727939350712 1.6557422674601425
28 868 0.7907380362850703 0 0.9890779970882041 1.604552946250993 0.8188625409925734 1.4185992354649444 1.8864847550536283 -1.3520954975127686 1.4431879045235525 1.083373146579231 2.388004414840154
29 899 0.9302668298838529 0 0.9868753968049587 3.616816275330766 0.5257473258949805 0.4547720309823363 2.9492086845049834 -1.2742617059035097 2.195420670599786 0.19198801899563211 2.5831380272464894
30 930 0.8343479090311775 0 0.9871078834904129 5.046948057543327 0.9464996204877545 1.1545035545816063 2.6575847959517094 -0.8138158088130012 1.9881718441499392 0.3024818936531046 1.6170678645098335
31 961 0.7835618878367248 0 0.9714919474026906 3.0433506362220357 0.5855497908113756 0.9900981133327771 2.5128131228201127 -1.2427689988248058 1.5830022440681821 -1.3928124012724032 2.1468929697511197
32 992 0.7917085855762843 0 0.9834836000782539 1.8326727134100944 0.3466772036230597 1.6947809928899753 2.236867317434259 -1.2881747723001808 1.2915600300773438 0.7299333504604844 2.3689698087443523
33 1023 0.7280426126492581 0 0.9807674802506797 1.9972602533827994 0.7779406048639481 1.0795579565179088 1.7299642182809127 -1.011229085745413 1.6866673536523156 0.029533597550658985 2.7812950842274304
34 1054 0.7681191899096181 0 0.9887819282203218 1.6736420467662183 0.6472934905457518 0.97166850377646 2.087837123408724 -1.6662814704445006 1.9422975983910533 1.3854233657585557 2.047889923436023
35 1085 0.7651897700814039 0 0.9830420837619522 0.33839448771766856 0.8994288540576563 1.6821556348558462 2.083387686157323 -1.5333470390415276 1.8986505952475707 0.23116263819534866 1.6432661098301558
36 1116 0.7018459818262485 0 0.984436425848724 0.0977881884272287 0.7103938083277584 0.9850060752238927 1.720495317221869 -1.5933162004363837 1.7750858526465134 1.083597530365793 2.207157965194979
37 1147 0.7306257768916393 0 0.9842795661247867 1.8033914609027435 0.9628493381370535 1.1616677552747368 2.4116476767191997 -1.589282178203602 1.7939983368851857 0.22171944162131973 1.5261107769091313
38 1178 0.9099322552781874 0 0.9869964339379177 0.38970220510574527 1.3324651973333226 1.420296644357493 1.5445045765316205 -1.2948504226473392 1.764091656011701 3.249772219929922 2.128386632453819
39 1209 1.0850435389924387 0 0.9890779970882041 3.168422071992935 1.1834349329077456 1.1515730338011314 2.290914160547163 -1.7953471032032127 1.8223111124923737 2.4937438415906286 2.1296630424447844
40 1240 1.1087061301809527 0 0.9866512620355307 1.7357302556481646 1.0166403794636485 0.8862487777613757 2.084177467275455 -0.9246683323421425 2.136864993034988 4.084134472077488 2.835745038070069
41 1271 1.1989759246478215 0 0.9840206091695961 -0.691080999899671 1.500663913619225 0.5905443215009407 2.334085876747813 -1.2710894602509335 1.581953592882599 3.7049245208741906 2.4349746676460455
42 1302 1.0355602369966694 0 0.9886619550418032 -0.9309861718406574 0.6690305991013945 0.8452996052482306 3.093574904278209 -2.6366025155110364 2.188205585896559 2.93847397824999 2.2605133828301716
43 1333 0.9035870425207162 0 0.9867533440353781 0.4085280532279576 1.1156960545054533 1.2506907782982337 2.4528251215306516 -2.1472835929539382 1.9794844148143276 3.835043749983111 1.53275220219074
44 1364 0.8272435830432285 0 0.9827405066863928 -0.09897210539509871 1.3928758232176857 0.9282873352874135 2.0468355216685885 -0.5927417188246173 2.019114735534019 3.8294916860269317 1.0518385390639915
45 1395 0.7238175261938963 0 0.9853273057588748 1.6217989547711693 0.6420520537165977 0.798380419636223 2.032556889990908 -1.394357546358314 2.261680235789313 3.9954124552594252 2.0581093453872787
46 1426 0.7039378645668047 0 0.9858429963675154 1.5995308922951712 1.1615723082287728 0.9712205993972469 2.03256072723963 -1.213352353635143 1.5782547315318212 3.301645624324145 2.3572623029868303
47 1457 0.7664409414219998 0 0.9866354997931008 0.7641224170106442 0.33867865965570476 1.370035503807364 1.9216789814222945 -1.1245592503381436 1.1614712933218545 2.2893951741714873 2.257233569426343
48 1488 0.7614286642656638 0 0.9884718286947721 1.649079347904064 0.6474071921558072 0.8156930820347308 1.4794950006063246 -2.187340771260177 1.6902848648174278 2.083209778889254 1.8172969953905191
49 1519 0.7200617820743381 0 0.9890779970882041 1.1642670746828172 0.5563973751781808 1.34412079580925 1.5111556738514187 -2.246799663008549 1.7564453497845234 2.9572325462893425 1.8300223363396846
50 1550 0.72202194151182 0 0.9851454547826053 0.8370101922706823 0.6195756968138675 1.3243137775590705 2.3886355922092735 -2.472538117450903 1.851993934672041 2.9679676753113937 1.8962625261442154
51 1581 0.628971275753005 0 0.984988257626105 0.7067595343683238 1.4759897865579856 0.9519369288589569 2.111371249603048 -1.9393456847098505 1.919094457620069 2.0710112002770207 1.8921920419065592
52 1612 0.6977760233761491 0 0.9823689794938164 0.4296176105164762 0.8936507928366471 1.3949745839135819 1.970062264208796 -2.243393382403108 2.4241652344528557 3.510782227791955 1.5522034061939252
53 1643 0.7814496570730902 0 0.9857492962431477 1.2560182431372426 1.107486486451152 0.5764664965360934 1.906285515279709 -2.1323972802240805 2.288542720846612 2.843484396856456 1.782265393464769
54 1674 0.7349158154765252 0 0.9868614713567456 0.709767068177723 1.6857056068947645 1.265390194791075 2.2040276110731485 -1.9196929947173182 1.3576094793501974 2.7760758220970287 1.8290607817795916
55 1705 0.7026863169431556 0 0.9766373798944896 0.6700401016556867 0.6409361014006791 1.278797690864688 2.2945666656799273 -2.018111212254121 1.5418849113879358 2.7384231463228312 1.5438762143130362
56 1736 0.6340888199177536 0 0.984381291406577 1.5245859680608418 1.0552052905453366 0.9486411214090804 2.417354870587792 -2.7327985704272075 2.5382116207316017 2.7382953562419 1.601321966600719
57 1767 0.5983086591754522 0 0.987257414939835 0.7423831613428193 0.8230820599409522 1.2542634754352373 2.3269032596830317 -2.024411415257171 2.078234638678601 3.17137407099493 1.995520349104471
58 1798 0.5269975369569296 0 0.9855598188912914 0.37560073547807804 0.6096861935011482 1.0757106235124854 2.1703423290559973 -2.0324343148803328 2.416165970472185 2.1412139504272303 1.7861275039797837
59 1829 0.5020971740055827 0 0.9858652550226374 1.5887305134117995 0.823464383090864 0.8972700513522182 2.362348461536889 -2.0906275340784695 2.20988623588028 2.3033859260324046 1.6793299801830246
60 1860 0.5037534387582441 0 0.9849495693160865 0.82729018571798 0.7513777400038115 1.0919524569753403 2.4999727982739457 -2.507839319870981 1.6529456100300262 2.588087815308667 1.6530138599516844
61 1891 0.4793861566182123 0 0.9860756564410841 0.6525825960476748 0.8247905567787529 0.9384338553653868 2.2442902126717326 -2.3941464115976867 1.8394356607005544 2.4085084161327432 1.5909467441073415
62 1922 0.5950832690094014 0 0.9856315343820578 0.6926543917365444 0.7401872502835438 1.0944018356466252 2.3888530903495617 -1.7355829822199884 1.6482059631983244 2.6129133330040024 1.5171985892497974
63 1953 0.6644396448938521 0 0.9834681497055332 1.0177686751735737 0.8129920832951937 0.9705422872183991 2.47810054896889 -1.6005875226196034 1.5150791854352337 3.0379582227134065 1.8445421317400832
64 1984 0.6062301803054012 0 0.9832253066336781 0.603439369398883 0.6747668248599983 1.2219932886935048 2.0179504789192313 -1.825014802055679 2.001682627626324 2.6425411019923923 1.6052667765352855
65 2015 0.6330425529937601 0 0.9849782885206205 0.5903764652628957 0.38857444877803543 0.9568655117188205 2.2639968755550353 -1.721717113426987 1.6522985595289137 2.006384318590513 1.1156662429225679
66 2046 0.5832119911318735 0 0.986873210718893 0.6225144076028537 0.586950031425137 1.2298787195323464 2.166855664456232 -1.8088855130038433 1.8453739083585476 2.415498597742397 1.4377671732527837
67 2077 0.5561458196368093 0 0.9890779970882041 1.897526880291445 0.7151709180283468 1.3837278416536924 2.4206368777574183 -2.064152147612535 1.8270528254120642 2.1035446532212756 1.5965108352074715
68 2108 0.5038378051514886 0 0.9890779970882041 1.1268198490950887 0.2940829360189292 1.1608799051301706 2.1699599155402143 -1.899677090149605 1.6260439181316344 2.159155779821182 1.4819961586261772
69 2139 0.4695648651247087 0 0.9804170814015066 0.9850723565859466 0.5182465631153931 1.158764573658842 2.3072690421072903 -1.8116603800040874 2.0303367219585833 2.326570442952728 1.54991181309962
70 2170 0.49775256176906524 0 0.9890779970882041 1.1724372139853059 0.034547209437469584 1.172916708389666 2.4972605008290127 -1.650131877763579 1.8649887305657564 2.1011532189183444 1.7165066111654848
71 2201 0.5128757148657505 0 0.9865361832818812 0.9670716947622799 0.6038061579647225 1.1901019235802903 2.6737591250220767 -1.9565400105942197 2.046458449926578 2.1498763990453598 1.2424931717109557
72 2232 0.5279192061928887 0 0.9890779970882041 1.0500354112150532 0.22991370517079057 1.1786149705570286 2.5865576501151875 -0.9509781422991651 2.0004464029490396 2.4122225776013764 2.0489976179776845
73 2263 0.45127895065491896 0 0.9890779970882041 1.0725503221051735 0.4719002995042041 1.2195669983603379 2.1643289239743506 -1.8762439406175522 1.6775700790605474 2.0430115684253476 1.37257258331352
